Gene	WGD_Estimate	WGD_Zvalue	WGD_Pvalue	WGD_FDR
CHD1	-1.05295919397089	-3.45124911157612	0.000557998276945416	0.340378948936704
AKT1	-1.59577833501024	-3.02068346959381	0.0025220486066724	0.405641875682098
AHR	-1.01694520377685	-2.99501999599889	0.00274426850800291	0.405641875682098
PTEN	-0.447563642595062	-2.80929533468397	0.00496500766758336	0.405641875682098
KMT2B	-0.563344778365236	-2.77054964003672	0.00559617693784152	0.405641875682098
ZFHX3	-0.498534727833726	-2.7552165218343	0.00586533061978011	0.405641875682098
ZEB2	0.59592915823015	2.70806349743201	0.00676770726753557	0.405641875682098
TGFBR2	-0.815052577214552	-2.69033665325569	0.00713799701921139	0.405641875682098
RAC1	-1.1806025563586	-2.67553831215427	0.00746093451710453	0.405641875682098
BCORL1	-0.553652848273549	-2.6569751223719	0.00788452611130095	0.405641875682098
FGFR3	-0.942691824958309	-2.64799240475116	0.00809713443718	0.405641875682098
RB1	-0.409425304535761	-2.63432880785091	0.00843038040909838	0.405641875682098
CD79A	-2.11359273395095	-2.62578946815856	0.00864482685879881	0.405641875682098
PIK3CA	-0.288980735653012	-2.54911602576152	0.0107996363617677	0.470555584334162
LAMA3	0.49752401721204	2.46355526400565	0.0137566686337514	0.510775804577433
MPP7	-0.831109627622134	-2.44978501429835	0.0142941532122834	0.510775804577433
NF1	-0.358453295668236	-2.41708256658288	0.0156454677575935	0.510775804577433
PIK3CB	0.802244440216464	2.39263820402899	0.0167277268557927	0.510775804577433
GPR160	-1.48327311312538	-2.38629487727592	0.0170190986232104	0.510775804577433
SLC3A2	1.47714451046877	2.34856588998926	0.0188458644692739	0.510775804577433
IPO11	-0.844607935206747	-2.31907385919665	0.0203910318904713	0.510775804577433
MECOM	0.592278315231847	2.31068696575294	0.020850151710472	0.510775804577433
OR10A4	0.88937676226847	2.30408893936816	0.0212176515050338	0.510775804577433
H2AFY2	-1.2665934247438	-2.29724721862662	0.0216046708833591	0.510775804577433
KMT2C	-0.293136678081665	-2.29305603806593	0.0218447789266388	0.510775804577433
FAS	-1.44082600664579	-2.27333452022095	0.0230060287908164	0.510775804577433
CCAR1	-0.678657333876665	-2.26751620956344	0.0233587098285508	0.510775804577433
NID2	-0.492212552866412	-2.25432917473989	0.0241754672568147	0.510775804577433
KLHL6	-0.720389034236619	-2.2431471940937	0.0248873241954689	0.510775804577433
PAX6	1.00174289710835	2.23075252511423	0.0256975262591074	0.510775804577433
ABL1	-0.708005486079401	-2.22684762950422	0.0259574589211482	0.510775804577433
PPP1R36	-1.0404829109509	-2.19430044771212	0.0282138172950507	0.537825892186905
AMER1	-0.432988773100473	-2.17784662967486	0.0294174570139722	0.543777235712819
PKD2L2	-0.877747255652146	-2.15822218559129	0.030910561296559	0.549090692260598
IRF2	-0.866598270565295	-2.13359682973575	0.0328757977265318	0.549090692260598
BCOR	-0.474828341456331	-2.12569154583334	0.0335289513326786	0.549090692260598
HSPA4L	-0.904789385074261	-2.11730591451712	0.034233893266351	0.549090692260598
GNA11	-1.02015930383413	-2.10368102508675	0.0354062807417965	0.549090692260598
ADAM30	-0.647135370851821	-2.10051697513056	0.0356833889540983	0.549090692260598
CDK4	-0.9920184944281	-2.08824353147129	0.0367758723566128	0.549090692260598
SMAD4	-0.432853847888426	-2.08680134287331	0.0369060957093189	0.549090692260598
CNTLN	-0.502218616610584	-2.04926346427567	0.0404363592230249	0.557800332023705
DSC2	-0.643477698304873	-2.04711535657507	0.0406467595269738	0.557800332023705
FAT1	-0.281839795326305	-2.04061206662482	0.0412894018359017	0.557800332023705
PTPN11	-0.805235768916073	-2.03626732003035	0.0417235195171109	0.557800332023705
DNMT3A	-0.593997549848228	-2.0247535148085	0.0428926805073804	0.557800332023705
C3orf70	1.31577212407137	2.01697490865735	0.0436981318418131	0.557800332023705
SMC1A	-0.642751331117431	-2.00747486884996	0.0446991239340609	0.557800332023705
ATRX	-0.29412251221151	-2.00646263066964	0.0448069119166583	0.557800332023705
UPF3B	-0.695062195663182	-1.97622750592992	0.0481290159333555	0.587173994386937
IL6ST	0.777290032342488	1.95692081505871	0.0503567789023049	0.594968577555918
KMT2D	-0.247368491715145	-1.94009816359919	0.0523677611614183	0.594968577555918
RAB3GAP1	0.632872081915281	1.93688345161002	0.0527595917515893	0.594968577555918
FLNB	0.461431219332189	1.92987952372019	0.0536217670849733	0.594968577555918
SLC16A7	-0.727639327082252	-1.92969445187911	0.0536447078124188	0.594968577555918
GATA3	-0.521312153215282	-1.91212272694111	0.0558604544312461	0.608479950054645
GRIK4	-0.502577612065566	-1.89760622762458	0.0577479734424345	0.613533461103928
DICER1	0.501342761284081	1.89316471317038	0.0583359684328325	0.613533461103928
STAT4	0.582494395248006	1.86159674949028	0.0626599518212661	0.64541972792195
ARID1A	-0.298280427594777	-1.8415103254214	0.0655468088694756	0.64541972792195
CHD8	-0.415564128703633	-1.83753273601138	0.066131288380675	0.64541972792195
TAF1D	1.49533778602586	1.83313229620275	0.0667828992824447	0.64541972792195
HLA-A	-0.664287709225844	-1.83230275192836	0.066906327337539	0.64541972792195
COL5A3	0.408487626650012	1.82689094381534	0.0677161681754177	0.64541972792195
FBXW7	-0.298178160892125	-1.81502555297627	0.0695199826788261	0.652418298985907
TNFAIP3	-0.628059730121054	-1.788429982823	0.0737066625883742	0.677969153654207
CDK12	-0.387271489334902	-1.77671546905785	0.0756150658475896	0.677969153654207
HPS3	-0.557169181719951	-1.77443928368905	0.0759905167984919	0.677969153654207
TMEM63A	-0.666764848533318	-1.77023312012054	0.0766883141018694	0.677969153654207
CNBD1	0.460292036543351	1.76100154259114	0.0782381419093523	0.681789522352927
DOCK2	0.312919999490501	1.74029507328486	0.081807218707178	0.698372254614661
PRRG1	-1.11828136484833	-1.73650697776396	0.0824742316593425	0.698372254614661
UBR4	-0.301351230550897	-1.73030556368488	0.0835756960440496	0.698372254614661
ADAM28	-0.502667040749665	-1.7187711012541	0.0856560595635275	0.699397616782427
ATR	-0.336298637294294	-1.71693247595323	0.0859915102601344	0.699397616782427
PPP2R2D	-0.789858141251067	-1.70669485134494	0.0878787846913071	0.699903724972852
B2M	-0.610868445246741	-1.70417443934462	0.0883485029883764	0.699903724972852
LMAN1	0.955298776662301	1.68045082533438	0.0928696343157629	0.716804196991172
AKAP7	-0.893345345991844	-1.67791624249349	0.09336345121878	0.716804196991172
MBD6	-0.551827225591857	-1.66497637855452	0.09591746856978	0.716804196991172
BRCA1	-0.350355457385096	-1.66428738349435	0.096055012469128	0.716804196991172
LZTR1	-0.519839185491914	-1.65795535684866	0.097326477538318	0.716804196991172
CLCN2	0.614104709061085	1.65693620133484	0.0975323743447005	0.716804196991172
FGFR2	-0.438546935250843	-1.6332039974651	0.102426099528973	0.729735113324271
SPTAN1	-0.367460296911542	-1.62847566936808	0.103424064187508	0.729735113324271
VEPH1	0.493000985357035	1.62483188420363	0.104198385255307	0.729735113324271
ECSIT	-0.889539970292514	-1.62177384209433	0.104851781236361	0.729735113324271
ZFP36L2	-0.480392235597623	-1.61980923328132	0.105273262250059	0.729735113324271
H3F3A	0.947737768821016	1.59465268593331	0.110789923923307	0.759346669586708
HLA-B	-0.568630392948932	-1.58082266644661	0.113918590370826	0.766613342344306
KLF5	-0.637554260790679	-1.57887980163371	0.11436362975956	0.766613342344306
WRN	0.469443241929427	1.56633319649721	0.117270633274776	0.772254791997995
C1orf168	-0.506005212263613	-1.55545262819987	0.11983830838737	0.772254791997995
RBM39	0.824980875492533	1.55501873994443	0.119941606248138	0.772254791997995
DOCK8	-0.382447817950822	-1.54855176747867	0.12148950819128	0.772254791997995
ARHGAP35	-0.304836636042873	-1.54517059031326	0.122305006019597	0.772254791997995
XIRP2	0.19652376660431	1.54312202452714	0.122801171842304	0.772254791997995
CTSF	0.725891769458726	1.53223884282965	0.12546350657575	0.774180472285165
CDKN1A	-0.666478141922252	-1.52577351855883	0.127066277879895	0.774180472285165
FOXA2	0.558776726541452	1.52333217209367	0.127675622071554	0.774180472285165
KDM6A	-0.299323931804361	-1.52040834170499	0.128408379259659	0.774180472285165
NF2	-0.472030312571627	-1.51626195289142	0.129453128152601	0.774180472285165
HUWE1	-0.245128786674759	-1.5043060849401	0.132502573032607	0.777828162117015
PRKDC	0.268551615895091	1.50045260268145	0.133497202307886	0.777828162117015
ZZZ3	0.481323927934242	1.49769725368664	0.134211925706088	0.777828162117015
PLXNB2	-0.322476585752472	-1.49404605468921	0.135163582269514	0.777828162117015
NUP93	0.66615763980778	1.48778944464195	0.136806430212137	0.779924508686014
NOVA1	0.427753075358808	1.4810712521129	0.13858758752816	0.782763225853494
NSD1	-0.28201486785537	-1.46256414225059	0.143586681043758	0.796357864016921
MARK2	0.511944969923516	1.46249535440717	0.143605516462068	0.796357864016921
CYSLTR2	0.668534763230442	1.44628463691777	0.148097383001311	0.801888545014633
RFX7	-0.458992142314755	-1.43954365825252	0.149996549669487	0.801888545014633
GPS2	1.01037092350716	1.43162545109065	0.152251041789859	0.801888545014633
MKI67	-0.253357158184867	-1.42046337556905	0.155472823707221	0.801888545014633
RDH5	-1.00261748444434	-1.41367511926805	0.157457313920234	0.801888545014633
GRM8	0.254364747346554	1.39896788628211	0.161822613360539	0.801888545014633
AGPAT9	0.790798197000775	1.38881909411574	0.164887767514434	0.801888545014633
RUNX1	-0.463574596896899	-1.36995963606233	0.170699501974523	0.801888545014633
JAK1	-0.463876614395786	-1.36782565992775	0.171366653717449	0.801888545014633
MYO9A	0.339473432836787	1.36694782522155	0.171641659943495	0.801888545014633
SRPR	-0.519823363602915	-1.36156648314539	0.173334738824856	0.801888545014633
TNN	-0.2228265617934	-1.35942141586984	0.174013088643742	0.801888545014633
SPATA22	-0.678226934450684	-1.35282609428721	0.176111194354448	0.801888545014633
BRAF	-0.315399838894435	-1.35197808168334	0.176382327081079	0.801888545014633
REV3L	-0.280148590027234	-1.34857028677868	0.177475029909431	0.801888545014633
IDH1	-0.370891692191102	-1.34178561829309	0.179665516639196	0.801888545014633
TMEM156	0.824623542444065	1.33198687147707	0.18286450263282	0.801888545014633
TPR	-0.273679774079207	-1.32885851415837	0.183894652958699	0.801888545014633
MAP7D3	-0.48254368301256	-1.32148495464893	0.186339715885988	0.801888545014633
EPHA2	-0.340683892537731	-1.3184585743345	0.187350183785899	0.801888545014633
SLC9C1	-0.320854840116799	-1.31400674656469	0.188843933866467	0.801888545014633
CASP8	-0.329141886972577	-1.31267383228326	0.18929287885318	0.801888545014633
SLC27A5	-0.490287981017419	-1.30712902629673	0.191168894738928	0.801888545014633
METTL14	-0.603474253430387	-1.3070918807056	0.191181508455833	0.801888545014633
WT1	-0.419573364458954	-1.3052580516382	0.191804992810199	0.801888545014633
COL11A1	0.177984553568537	1.30351711034688	0.1923982787491	0.801888545014633
TG	0.209581917269411	1.30267247682269	0.192686602355213	0.801888545014633
ATP6V1B1	-0.505785729816377	-1.30163174912263	0.193042301073337	0.801888545014633
CPED1	0.304734209743589	1.30158874413119	0.193057009641898	0.801888545014633
AMPD1	-0.337428605915638	-1.29442562737045	0.19551844331063	0.801888545014633
PPP2R1A	0.311024955228682	1.29245637824114	0.196199143214116	0.801888545014633
MYH9	-0.27132856337764	-1.28717287353244	0.198034039908845	0.801888545014633
FUBP3	0.709344216977789	1.28624555695571	0.1983573763461	0.801888545014633
SPTA1	0.158902277136218	1.27030162830622	0.203977208408871	0.801888545014633
ZMYND8	-0.374475320718565	-1.26996302023242	0.204097802936106	0.801888545014633
CLMN	-0.368612512333504	-1.26742919942336	0.205001864576735	0.801888545014633
HRAS	-0.507588492584692	-1.26483039840199	0.205932131868397	0.801888545014633
WDR47	-0.431700861528852	-1.26281644813421	0.206655152172872	0.801888545014633
STAMBPL1	-0.714835461567385	-1.25500041145306	0.209478610601165	0.801888545014633
CHD4	0.254197166514135	1.24993587746284	0.211322972117996	0.801888545014633
MSH3	-0.483850091459499	-1.24808367306635	0.212000416727654	0.801888545014633
PBRM1	-0.311436988486083	-1.24644724293079	0.212600246288528	0.801888545014633
MLLT1	-0.637849747467012	-1.24311292614505	0.21382622315594	0.801888545014633
C17orf47	-0.49624142312571	-1.23937875538083	0.215205265244219	0.801888545014633
ERBB3	-0.278854146457352	-1.23805782813062	0.215694619371621	0.801888545014633
CREB3L3	-0.44845412153135	-1.23758251889116	0.215870899590924	0.801888545014633
KLKB1	-0.402517782620858	-1.23487009701124	0.21687885404631	0.801888545014633
MAP3K4	-0.330738951024429	-1.23479821495507	0.216905611889085	0.801888545014633
KRAS	-0.204838121136446	-1.2328473782795	0.217632711153064	0.801888545014633
RIT1	-0.672535328982276	-1.23076853263147	0.218409447804271	0.801888545014633
NCAPH	-0.465247424549795	-1.22889640002032	0.219110651391163	0.801888545014633
PDGFRA	0.270224829406943	1.22815826038286	0.219387564003018	0.801888545014633
KIDINS220	-0.293225638126404	-1.2278671571065	0.219496840260537	0.801888545014633
C20orf85	-0.747514161588206	-1.22769802756959	0.219560347157453	0.801888545014633
CMTR2	0.384698837143964	1.22572101082463	0.220303680732039	0.801888545014633
OR51E2	-0.383061670822196	-1.22437360082924	0.22081132337498	0.801888545014633
FAM133A	-0.499881120961688	-1.22243926594509	0.221541558003496	0.801888545014633
PIM1	0.780340247512797	1.21860309749279	0.222994872837451	0.801888545014633
IGLL5	0.97360822219974	1.21356123544266	0.224915317405301	0.801888545014633
TTC3	-0.308533084764938	-1.20796542592107	0.22706056151879	0.801888545014633
FHOD3	-0.288041442684777	-1.20751371841947	0.227234365142792	0.801888545014633
UBR5	-0.22697421183491	-1.20607763786972	0.227787556304695	0.801888545014633
ADAMDEC1	0.529227191391799	1.20518686459195	0.228131172057933	0.801888545014633
RANBP2	0.239740130194423	1.20362275325087	0.228735421036961	0.801888545014633
NUP188	0.373860673453256	1.19553666549074	0.231877419743787	0.808258434535485
BCL2L11	-0.549322720735336	-1.18488307938871	0.236063678370813	0.816569801461368
SLX4	-0.290043245569092	-1.18267214866303	0.236939106325676	0.816569801461368
HPS1	0.487651116594507	1.17807805142595	0.238765491273865	0.818241290320548
RRAS2	-0.67252716706899	-1.15898547351941	0.246462106308652	0.822740270429362
RASA1	-0.264789501759847	-1.15485702459462	0.248148980580091	0.822740270429362
MYCN	0.522911504109406	1.1539631204337	0.248515289095845	0.822740270429362
RNF43	-0.307974920048587	-1.15145170651939	0.249546452259542	0.822740270429362
ELF3	0.402660921227932	1.15060349136586	0.24989539600197	0.822740270429362
BMP2K	-0.424186877147568	-1.14038520643048	0.254125853360792	0.822740270429362
CDC25C	-0.520847152674949	-1.13811370097217	0.255073007779349	0.822740270429362
SVIL	0.241447942542048	1.13782025639787	0.255195544776705	0.822740270429362
HIST1H1E	0.492086102012605	1.13664378016958	0.255687230301596	0.822740270429362
RBM10	-0.330927186340393	-1.12935800358062	0.258746841349548	0.822740270429362
ZFP37	0.353199059728505	1.12798455214053	0.259326443193691	0.822740270429362
PPM1D	0.564467047866888	1.12662277680161	0.25990200488361	0.822740270429362
IDE	0.462381930273354	1.12325177917345	0.261330577200852	0.822740270429362
SUGP2	-0.37849519817431	-1.12110827576416	0.262241776430338	0.822740270429362
TCERG1	0.366065100289178	1.12008938847222	0.262675672141218	0.822740270429362
FBXO7	-0.460737214168027	-1.11796203920581	0.263583206502086	0.822740270429362
CIC	-0.280034498455016	-1.11403639098511	0.265263575095655	0.822740270429362
RET	0.256801374951767	1.11376666967215	0.265379299274388	0.822740270429362
MAP2K4	-0.364959692659036	-1.11300881246862	0.265704644712433	0.822740270429362
APC	-0.179213437043904	-1.09526615528769	0.273400050347986	0.835912940050119
ZBTB7B	-0.377299812741721	-1.09525830940975	0.273403486654681	0.835912940050119
NLK	-0.497144655310005	-1.09373819751981	0.274069816409875	0.835912940050119
RBM27	0.339981259192241	1.08153489215096	0.279459248429306	0.846860665863214
ZNF609	0.380686861927977	1.07893057274203	0.280618678648509	0.846860665863214
BRWD3	0.206214356891346	1.07623063226496	0.281824123229889	0.846860665863214
WDR5	-0.804063583614495	-1.07310075371945	0.283225912870766	0.846901013976311
CYP11B2	0.306909903241895	1.066180586363	0.28634201625896	0.852042097160806
CCND1	-0.596416207166331	-1.06234654068688	0.288078393366119	0.853047669676372
KDM5C	-0.298612513597385	-1.05016934712709	0.293640259913862	0.865316707958723
CYHR1	-0.637488439420656	-1.04242469983313	0.297214819895232	0.870691125586636
DYNC1I1	0.300156137328734	1.03801467792178	0.299263221678745	0.870691125586636
IKBKE	-0.361252533825306	-1.03035508648246	0.3028433486889	0.870691125586636
COL7A1	-0.191211469254419	-1.02817217373159	0.30386884526345	0.870691125586636
FN1	-0.204658484147615	-1.0266835310885	0.304569506604872	0.870691125586636
GOLIM4	-0.344946716412261	-1.02286218435958	0.306373011400162	0.870691125586636
FRYL	0.229166985000287	1.01586715851425	0.309692649806787	0.870691125586636
CEP76	0.541672382149199	1.0145635378428	0.310313927623609	0.870691125586636
CCNT1	0.414996810443304	1.01281171854799	0.311150102247101	0.870691125586636
XPOT	0.35401286092854	1.01175444705973	0.311655475327436	0.870691125586636
ENO3	-0.612866837006891	-1.00728450018373	0.313798076095808	0.870691125586636
STK11	-0.331853978153462	-1.00696107323768	0.313953480963089	0.870691125586636
GAS2L2	0.311801814885539	1.00682318641833	0.314019750211574	0.870691125586636
KIAA1024	0.262067017583819	0.986342147251793	0.323965243984487	0.894202709640439
KIT	0.238299797431995	0.977703659689429	0.328220911220399	0.901504964127144
DDX3X	0.29688830440713	0.971550631318388	0.331274153018004	0.901504964127144
ZCRB1	-0.575624066152169	-0.967747055117235	0.333170711467768	0.901504964127144
WNK4	-0.259274891545715	-0.966327306976123	0.333880426095592	0.901504964127144
HCFC2	-0.349213599415171	-0.966087897760812	0.334000199824155	0.901504964127144
ZBTB45	-0.403594998657453	-0.958889974119013	0.337614176050296	0.906915950990871
FUBP1	0.353041198366986	0.951447906011742	0.341377051358058	0.906915950990871
UHRF2	0.496837447776954	0.949264516054278	0.342486095886621	0.906915950990871
PHF20L1	-0.264956172562479	-0.946829732752124	0.34372554833342	0.906915950990871
SUCLA2	-0.431127754464234	-0.944480127616491	0.344924352205225	0.906915950990871
MCCC1	-0.401763500451973	-0.94447805498525	0.344925410868659	0.906915950990871
RHOB	0.491930750514444	0.94003452693455	0.347199850629454	0.908978149716596
ZKSCAN1	-0.413093098748034	-0.931162256752729	0.351769638408511	0.914464512658933
B3GALTL	0.525492914603565	0.921619095724715	0.356727294376765	0.914464512658933
EIF2S3	0.511846226259192	0.921495120110834	0.356791987815107	0.914464512658933
TCF20	0.244162138679048	0.918643129444872	0.358282265141746	0.914464512658933
CUTC	0.590428542948318	0.916830372572334	0.359231534273155	0.914464512658933
SETDB1	0.267197411681465	0.910659255705694	0.362474938384611	0.914464512658933
ARFGAP1	0.468376335071043	0.908142364584186	0.36380301022055	0.914464512658933
POLQ	-0.164285333600571	-0.905730008608706	0.365078775010722	0.914464512658933
PTCH1	-0.223223262126281	-0.901610704261834	0.367263702762404	0.914464512658933
DST	0.146886355945827	0.898819129931261	0.368749008819667	0.914464512658933
KIF1B	-0.221745608394903	-0.897535500732306	0.369433238770039	0.914464512658933
SPAG17	0.163491975899007	0.895395500292056	0.370575705185666	0.914464512658933
NES	0.204150340809206	0.893480238456495	0.371600050210052	0.914464512658933
EPG5	-0.197219927217366	-0.891492815995249	0.372664843905077	0.914464512658933
PRRC2A	0.218112657945978	0.888088001616359	0.374493416180132	0.914464512658933
TBX3	0.268488050776323	0.88788218976594	0.374604125971552	0.914464512658933
IDH2	-0.524947437467821	-0.885645340281801	0.375808671102376	0.914464512658933
U2AF1	-0.368713037068545	-0.884771914370602	0.376279660126872	0.914464512658933
TREX2	0.565588417986762	0.870833800117524	0.383844907013229	0.927048216217083
NAV1	-0.219663489900728	-0.866974161432462	0.385956167181933	0.927048216217083
DIAPH2	0.21188689707976	0.866774717838882	0.386065457133584	0.927048216217083
GANAB	0.318554319284467	0.864069686538269	0.387549610165133	0.927048216217083
BPIFC	-0.299568231742922	-0.861330030387152	0.38905630057635	0.927048216217083
GIGYF2	-0.260504291082589	-0.856408343994264	0.391771950960246	0.929886731851167
B4GALNT4	-0.331316285160463	-0.841069632739981	0.400308926143538	0.943253018923294
STAG2	-0.205163546137424	-0.840735810953246	0.400495953936284	0.943253018923294
HIST1H2AK	-0.389004423177701	-0.837737542623973	0.402178123446109	0.943571751162026
DOCK3	-0.181167163043592	-0.832127055858639	0.405337231610001	0.94459809314647
AKAP13	-0.16724115051832	-0.831462111546294	0.40571262361373	0.94459809314647
PCDHA10	0.204354874404494	0.828135796045457	0.407593599230133	0.945369184526163
TTPA	0.324304478057314	0.820906641897587	0.411699447510706	0.945775566271262
FAM13B	-0.394057136053776	-0.820797153265253	0.411761820383992	0.945775566271262
DPAGT1	-0.380300827404301	-0.819642102052522	0.41242016496419	0.945775566271262
SYNE1	0.0873583865193271	0.814744867543956	0.415218365037126	0.948626227238378
EP300	-0.157707096990366	-0.811820465189807	0.416894657211818	0.948902018280631
EPAS1	-0.23977928249225	-0.807326473463302	0.419478415627112	0.951233581905346
TSPYL1	0.444111513711829	0.801234326231524	0.422996002557072	0.955657635406718
ASXL1	-0.179839237066772	-0.795708736971344	0.42620134742608	0.959346206383428
CPVL	0.327175964056851	0.789694909620411	0.429705964886115	0.960845124500015
AK5	0.215494070718945	0.789161583369672	0.430017572112302	0.960845124500015
KMT2A	-0.137787436186583	-0.783520143182706	0.433321729697559	0.964694361735441
MXRA5	0.128105558541347	0.774405587901287	0.438690980215842	0.969717058300196
BTBD11	-0.231741011306069	-0.774293534280414	0.438757226378449	0.969717058300196
TAF1	-0.167983729101616	-0.7680546378156	0.442454725110575	0.973733058410312
MED12	0.153261167580396	0.765563493138655	0.443936073554655	0.973733058410312
CHST4	0.366155915703245	0.763168096190503	0.445363152945044	0.973733058410312
AJUBA	-0.241859849371714	-0.755566704139793	0.449909025083918	0.977725631442704
ERF	-0.359799811532067	-0.751350137345148	0.452441962776304	0.977725631442704
KANSL1	-0.20330872230034	-0.747796014782433	0.454583206273132	0.977725631442704
BAZ2B	0.165766614998463	0.745163334722798	0.456172985138996	0.977725631442704
SMARCA4	-0.134767842284419	-0.744966660869711	0.456291874641321	0.977725631442704
CDC42EP1	0.444047937079613	0.742603859232562	0.457721551343368	0.977725631442704
CUL1	-0.213112265956002	-0.739097484530641	0.459847804209068	0.977725631442704
PZP	0.159936874694221	0.7357105055528	0.461906894894328	0.977725631442704
PAX2	-0.334877241355278	-0.732294993418704	0.463988534495264	0.977725631442704
SMAD2	0.298920185907582	0.729257933160226	0.465843899372324	0.977725631442704
AFG3L2	-0.382861191755982	-0.725318567871279	0.468256617243036	0.977725631442704
TMEM200C	0.295856706368794	0.723428228034424	0.469416833930866	0.977725631442704
KDR	-0.143292576495312	-0.720805656055394	0.471029094990852	0.977725631442704
PIGO	0.247682924870983	0.716174857387176	0.473883385894775	0.977725631442704
AXIN1	0.205347515918405	0.707632311945392	0.479173621672285	0.977725631442704
C9orf131	-0.227317522292823	-0.706330693455124	0.479982510065499	0.977725631442704
USP34	-0.12655307264267	-0.701684555858721	0.482875906578116	0.977725631442704
STAG1	-0.184395116428673	-0.69822121824084	0.485038858942845	0.977725631442704
IARS	-0.237383449970593	-0.69808913756726	0.485121450810418	0.977725631442704
MAP3K1	-0.18563033085333	-0.697439529869469	0.4855277702895	0.977725631442704
TGIF1	-0.346430016319243	-0.695078482979761	0.487006118430762	0.977725631442704
ALYREF	0.489285368762492	0.692248354813262	0.48878137685596	0.977725631442704
GOLGA4	0.200254259147841	0.690894711018897	0.4896317101279	0.977725631442704
CBFB	-0.389727667925854	-0.690358454418913	0.489968796394152	0.977725631442704
CTAGE1	0.189630836016745	0.687532329969632	0.491747334817192	0.977725631442704
APPL1	-0.354030137642051	-0.685732157967357	0.492882024122811	0.977725631442704
TOP2A	0.207356209873056	0.68491488592264	0.493397631968327	0.977725631442704
PRKCI	-0.230724655375093	-0.682497242365977	0.494924585898227	0.977725631442704
HTRA2	0.352574263959718	0.681000017497583	0.4958714793599	0.977725631442704
CANX	0.339236588002578	0.679042733825101	0.497110785497441	0.977725631442704
USP9X	0.144466055438213	0.67170653768701	0.501770538529871	0.977725631442704
ZNF626	0.21247438076996	0.671679260565888	0.501787907256495	0.977725631442704
ZMYM2	-0.2193582944891	-0.670528752707293	0.502520783654777	0.977725631442704
KIF11	0.300028576738092	0.664018359423658	0.506678560565459	0.977725631442704
ACTC1	0.233225216992659	0.664008637736379	0.50668478268665	0.977725631442704
SBNO1	0.20580502954657	0.663243756895905	0.507174451282085	0.977725631442704
NAA35	-0.304179353239788	-0.653101914723994	0.513690577967144	0.977725631442704
FLT3	-0.168533526105562	-0.65138539338724	0.514797737159856	0.977725631442704
NUP210L	-0.14678001622028	-0.649850517619404	0.515788783656829	0.977725631442704
ABCA6	0.148345624732322	0.6485539828612	0.516626707519081	0.977725631442704
PIKFYVE	-0.143971696621518	-0.64733473314386	0.517415326766835	0.977725631442704
ATP10D	0.146975747176158	0.644973233957006	0.518944531308502	0.977725631442704
VPRBP	-0.233830962061931	-0.64418015542189	0.519458617699166	0.977725631442704
SMTN	0.216299530114434	0.638239671856644	0.523317676204513	0.977725631442704
CCDC6	-0.253018181752622	-0.637914500965729	0.523529337709276	0.977725631442704
MAGI1	0.15908810961445	0.637726509482909	0.523651725890365	0.977725631442704
CREBBP	-0.108400324237328	-0.635083179134788	0.525374166990383	0.977725631442704
ATP8B1	-0.195855106129952	-0.635016398045091	0.525417720247132	0.977725631442704
ARHGEF40	-0.195372714216554	-0.634540904893912	0.525727880513454	0.977725631442704
PTPDC1	-0.272299188631208	-0.631539566061362	0.527687787309743	0.978387690756665
TEX14	-0.15173683320955	-0.624237001914851	0.532471949851641	0.982311508419961
GNAQ	0.405449457711675	0.623395325050941	0.533024769322963	0.982311508419961
CPEB2	-0.27397150812739	-0.617526615059158	0.536887431789425	0.986449799372136
ZNF124	-0.372757880457839	-0.610007473432679	0.541856856956066	0.98746531867848
SOS1	-0.173220526800386	-0.602518613076841	0.546828977217916	0.98746531867848
CDC14A	0.232038562768839	0.593252324475221	0.55301229981775	0.98746531867848
RAD50	0.18997526366276	0.584333404842411	0.558996021833843	0.98746531867848
KAT6B	-0.14876042055098	-0.580925175113028	0.56129088426401	0.98746531867848
MAPK1	-0.271295806174775	-0.577467478043695	0.563623702090622	0.98746531867848
CTNNB1	-0.145356963647146	-0.573505167437995	0.566302701305247	0.98746531867848
SLC4A11	-0.173379665837072	-0.572970677117732	0.566664548280444	0.98746531867848
UBE2A	0.348851836441168	0.57228059234235	0.567131895750467	0.98746531867848
MPP6	-0.206281805803515	-0.569230602714498	0.56919965513866	0.98746531867848
HIST1H3B	0.182971386174875	0.568947049180936	0.569392074763922	0.98746531867848
USP26	-0.148619779828457	-0.568887043688078	0.569432798513503	0.98746531867848
RP1L1	0.0973562765111019	0.566481454700984	0.571066536373553	0.98746531867848
KEAP1	0.113809392255604	0.56569082607359	0.571603972667668	0.98746531867848
PCBP1	0.282838149264356	0.56418792253999	0.572626246364554	0.98746531867848
TBCK	-0.182878180916636	-0.559618143334729	0.575739926757289	0.98746531867848
SELP	-0.129598959086524	-0.557816685497131	0.576969567720125	0.98746531867848
SALL4	0.137701011981344	0.549028637728049	0.582985796918468	0.98746531867848
MTHFD1	0.209582015549314	0.548860706729577	0.583101045536596	0.98746531867848
SLIT2	-0.0967335918604723	-0.548095357499718	0.583626428154792	0.98746531867848
SOX17	0.285061570585013	0.546272056758891	0.584878941236014	0.98746531867848
RNF6	0.203650541336206	0.541169302311607	0.588390894176794	0.98746531867848
FOXA1	0.239831930117285	0.540187997606116	0.58906738909525	0.98746531867848
PPP2R5A	0.293757449075335	0.539970505923219	0.589217372770591	0.98746531867848
LARP1	-0.175223424981985	-0.535529398347349	0.592283834473183	0.98746531867848
CR2	-0.119654380180959	-0.534125388573086	0.59325478543534	0.98746531867848
KIF20B	0.161300768026496	0.532446650154144	0.59441668258649	0.98746531867848
ATM	-0.0981784276010152	-0.532308834935045	0.594512114153259	0.98746531867848
C3	-0.109044170730827	-0.532256066913563	0.594548655766389	0.98746531867848
POLR2A	-0.155910277886162	-0.530916484136221	0.595476654245431	0.98746531867848
DLD	-0.196305969052779	-0.530234759963932	0.5959491735133	0.98746531867848
ZMYM4	-0.148140724724273	-0.523226578025939	0.600816587974378	0.98746531867848
GDI2	0.29380418007582	0.520602007379708	0.602644050658562	0.98746531867848
GLI1	-0.143440480670472	-0.517690417708339	0.604674284958698	0.98746531867848
FOXP1	0.15024704940002	0.512217188396389	0.608499014782864	0.98746531867848
ILK	0.291543059129117	0.511046450875949	0.609318531038732	0.98746531867848
PSIP1	-0.185190575365614	-0.510055336591859	0.610012694424667	0.98746531867848
PDYN	0.136043037024383	0.509997529694297	0.610053192452179	0.98746531867848
GRIA3	0.129800497427263	0.509742557608714	0.610231833591545	0.98746531867848
TUBB3	-0.218255251493991	-0.509212827383635	0.610603052800114	0.98746531867848
MRI1	0.364755594804146	0.50425104735411	0.614084972606089	0.98746531867848
GOLM1	0.291512429474577	0.502740258530983	0.61514690106275	0.98746531867848
ZNF43	0.141685268993776	0.502166986347194	0.615550063453315	0.98746531867848
MUC17	0.064831234128978	0.499224576986967	0.617621182368919	0.98746531867848
KCNB1	-0.143084547979155	-0.499161352655476	0.617665718511759	0.98746531867848
CRIP3	-0.322881760018503	-0.497043656639421	0.619158265676742	0.98746531867848
SLC16A4	-0.232703339264616	-0.494753522201339	0.620774115944151	0.98746531867848
MED25	0.180364098233689	0.490633539279495	0.62368566037409	0.98746531867848
CTCF	-0.153987747543547	-0.490113608453284	0.624053508920224	0.98746531867848
BRD7	-0.201992397197813	-0.488652605908992	0.625087662754752	0.98746531867848
DYRK1A	-0.151348709420248	-0.488083606497858	0.625490622364396	0.98746531867848
RXRA	0.21285807650792	0.484828799902163	0.627797791632162	0.98746531867848
IL17RB	0.243854179990576	0.48277551777754	0.629255135918812	0.98746531867848
MSX1	0.246626291424874	0.46895792550578	0.639099710581692	0.98746531867848
TCF7L2	0.148872869662159	0.468321599721604	0.639554624264164	0.98746531867848
SRSF2	0.240992904510593	0.467451960140434	0.64017655482913	0.98746531867848
WTAP	-0.201094824501166	-0.466801395548551	0.64064197731077	0.98746531867848
ITGA1	0.144045441662967	0.461852499065635	0.6441870997887	0.98746531867848
EGFR	0.0918452261128649	0.459776532134855	0.645676629638182	0.98746531867848
CENPC	-0.205029197351481	-0.459752445084353	0.645693920727965	0.98746531867848
SIGLEC8	-0.125762398066786	-0.458444963510873	0.64663279435147	0.98746531867848
DNAJC7	0.326122643599536	0.457775640533267	0.647113638320379	0.98746531867848
FAHD2A	-0.299452195511892	-0.457024507628575	0.647653430288592	0.98746531867848
EIF4G1	-0.115077731001645	-0.455644392306988	0.648645715284644	0.98746531867848
CUBN	0.065928303572235	0.455151053117259	0.649000571274745	0.98746531867848
PSME4	-0.106889218294419	-0.447395076726624	0.654589829910808	0.98746531867848
TP53BP1	0.126368693886934	0.444963957181776	0.656345801364674	0.98746531867848
SF3B1	-0.119368604523082	-0.435225967582752	0.663398415611029	0.98746531867848
TECTB	0.199817762259328	0.433458464375436	0.664681734872963	0.98746531867848
LCP2	0.154529519162393	0.432903492911994	0.665084882353635	0.98746531867848
DDX52	0.236217645022562	0.432827020120076	0.665140442019193	0.98746531867848
MCF2L2	0.110274858697759	0.432405784470457	0.665446514696251	0.98746531867848
CYB5R2	-0.304183540833959	-0.428884971117479	0.668006937839173	0.98746531867848
C6orf89	-0.223813903602091	-0.426004032286597	0.670104907791193	0.98746531867848
ESRP1	-0.134903060649593	-0.423262657991955	0.672103635862354	0.98746531867848
C5orf42	-0.0950455620645671	-0.422578076385971	0.672603124909542	0.98746531867848
RPS6KA3	-0.164815945390951	-0.42232898696872	0.672784903078072	0.98746531867848
NRAP	0.0944245690090447	0.421737105732543	0.673216917378028	0.98746531867848
CAMTA2	-0.151465025683226	-0.417921256322028	0.676004690650995	0.98746531867848
RIPK4	-0.132657967957827	-0.417643100927905	0.676208079081095	0.98746531867848
EIF4G3	0.102019651433307	0.41329608768132	0.679389695906706	0.98746531867848
NRAS	-0.10991865144493	-0.413063135885454	0.679560357310227	0.98746531867848
GNA13	0.250860813443411	0.410969044360567	0.681095233448414	0.98746531867848
EPHX4	0.223179734706199	0.409996032303529	0.681808858103628	0.98746531867848
FOXN3	-0.167618551353122	-0.407631179792395	0.683544469650498	0.98746531867848
MORC4	-0.130869587674117	-0.407548274522661	0.683605345868031	0.98746531867848
SETD2	0.0888405016461781	0.4073199222809	0.683773032462837	0.98746531867848
SKIV2L	-0.135262206624042	-0.40670613361493	0.684223835044261	0.98746531867848
RHOA	0.156011012099524	0.405872886200038	0.684836001146769	0.98746531867848
CCDC50	-0.156350267934317	-0.404499418971517	0.68584550506384	0.98746531867848
ZBTB20	0.113112220313008	0.404280964888255	0.686006121442295	0.98746531867848
TRMT13	0.184387319539679	0.403787028102616	0.686369336261763	0.98746531867848
ERBB2	0.101611169950442	0.401043047149276	0.688388430919721	0.988039865555364
MPRIP	0.151353848449876	0.394555904916659	0.693170661372499	0.989820335284927
CD93	-0.0990509312510043	-0.39251026269341	0.694681229980846	0.989820335284927
MAP3K19	0.090299366978685	0.390974703645943	0.695815934172264	0.989820335284927
MTFR2	-0.249816931971436	-0.39010513580689	0.696458805285211	0.989820335284927
QKI	-0.162725711048804	-0.388098340072846	0.697943260300167	0.989820335284927
XYLT2	0.155223303754621	0.386177981085087	0.699364859848858	0.989820335284927
SOX9	-0.113166675990719	-0.380070251486358	0.703893267624389	0.991053315802277
STARD8	0.113340061135065	0.378496257810322	0.705061973207999	0.991053315802277
CEP152	-0.100486164001398	-0.377591257015882	0.705734260588311	0.991053315802277
LAMC1	0.0884055246384475	0.374741602452719	0.707852648851802	0.991053315802277
VPS13C	-0.0638594457054	-0.373062342436582	0.709102045100491	0.991053315802277
DNAH12	-0.135844110886426	-0.371718854342373	0.710102185601316	0.991053315802277
PCDHGA8	0.0939862966657208	0.368271215067353	0.71267101365781	0.991053315802277
DNAH7	-0.0509979893774864	-0.367516948627783	0.713233451864261	0.991053315802277
IFT74	-0.190179769248062	-0.36370455217091	0.716078643701789	0.992745392404753
HIAT1	-0.191102363769773	-0.351014034025865	0.725577819850151	0.995105037203032
TAS2R9	0.160752173899965	0.350855634558945	0.725696656651124	0.995105037203032
ATXN2L	0.102719276763145	0.348406457204978	0.727534953813937	0.995105037203032
CDC7	0.168801267508396	0.347884717694727	0.727926762785346	0.995105037203032
NRIP1	-0.109700919839356	-0.346940274915613	0.728636188645498	0.995105037203032
EEF1A1	0.135083833948616	0.346802206960056	0.728739919002729	0.995105037203032
ZFX	-0.142081229773303	-0.346190011670442	0.729199920704517	0.995105037203032
XPO4	-0.132562818237252	-0.337717107563642	0.735576381486454	0.995397836610779
DDX17	-0.153828010014729	-0.335039512341818	0.737595280429566	0.995397836610779
TSC1	0.107542560213856	0.333460211891552	0.738786918709164	0.995397836610779
MET	0.0919963623734577	0.332594083310982	0.739440710182821	0.995397836610779
CAMSAP2	-0.096234386311022	-0.32949576271338	0.741780996179413	0.995397836610779
ARID5B	0.0965796000109262	0.328126400090815	0.742816093660207	0.995397836610779
UTP20	-0.0734198659401311	-0.32800868960847	0.742905092431149	0.995397836610779
CNGA3	0.0893743442910944	0.32293083458723	0.746747623708697	0.995397836610779
AKR1B10	-0.143000834129726	-0.322697547819642	0.746924309436146	0.995397836610779
DSG3	0.0844228669163991	0.321834141280086	0.74757834821169	0.995397836610779
PPP6C	-0.140116583544647	-0.319773388376836	0.749140122226133	0.995397836610779
MVK	-0.170299053362758	-0.318375277365122	0.750200289188548	0.995397836610779
BAP1	-0.110114025832388	-0.313336937327583	0.754024690079149	0.995397836610779
PIK3R2	0.113357626072472	0.311302853426285	0.755570398267145	0.995397836610779
BTG2	0.254936507651539	0.310492218489075	0.756186676043409	0.995397836610779
TRIM9	0.101812924942237	0.30252944451404	0.762248490904144	0.995397836610779
SCAF4	-0.0857457297312774	-0.302143538952581	0.762542643199519	0.995397836610779
GTF2I	-0.113389466763655	-0.301025462866435	0.763395077979148	0.995397836610779
MTOR	-0.0663083791738834	-0.297690906965542	0.765939084150915	0.995397836610779
ATRIP	0.145301291198995	0.28948479522991	0.772210413693747	0.995397836610779
PARP14	-0.0741766671379369	-0.288480486817203	0.772978965184591	0.995397836610779
KCNB2	-0.0546733461218038	-0.279609685120414	0.779776975732274	0.995397836610779
PPP3CA	-0.115749560209449	-0.279129858578544	0.780145169584302	0.995397836610779
ELMSAN1	-0.0994626674288333	-0.277177342140381	0.781643936643879	0.995397836610779
IGSF9	0.0890053070994076	0.273471655457462	0.784490677867711	0.995397836610779
NIPBL	-0.054085301852998	-0.27107975259352	0.786329693826742	0.995397836610779
IRF6	0.0917922907171369	0.268470510338202	0.788337171267105	0.995397836610779
NKAP	0.107581153061098	0.266039972678372	0.790208424208804	0.995397836610779
CREB3L4	-0.131427738566873	-0.262624534169656	0.792839988130782	0.995397836610779
AFMID	0.136880292458228	0.260991732421159	0.794098882936742	0.995397836610779
PIK3R1	-0.0566309939258761	-0.259776442905089	0.795036223113939	0.995397836610779
MYH1	-0.0414333668185639	-0.257411569447236	0.796861072607251	0.995397836610779
SENP6	0.08822367144035	0.256880265111808	0.797271205656921	0.995397836610779
ASAP2	0.0781085321174034	0.256206187524187	0.797791631099377	0.995397836610779
CDKN1B	-0.136479883522207	-0.254161818821052	0.799370546389489	0.995397836610779
HIST1H4J	-0.139200208954379	-0.251183337608002	0.801672366347144	0.995397836610779
NOTCH1	0.04292204708106	0.249870246980608	0.802687692972676	0.995397836610779
ALB	-0.0717746055853235	-0.248941776602241	0.803405819238959	0.995397836610779
DDX26B	0.0769839846533716	0.240476362441905	0.809960985732982	0.995397836610779
MAP4K2	-0.101694910570054	-0.239778692425469	0.810501826145206	0.995397836610779
KLHL7	-0.0864146820285929	-0.235009809615106	0.814201119453912	0.995397836610779
RQCD1	-0.160764954901894	-0.232491681220955	0.816156147652069	0.995397836610779
YY2	-0.110488586743076	-0.231684004501133	0.816783455946513	0.995397836610779
IQSEC2	-0.0801181056448324	-0.223904855190469	0.822831337744527	0.995397836610779
PIGR	0.0805005354058175	0.220519708816107	0.82546642472684	0.995397836610779
SYTL2	-0.0521806426230126	-0.219535031173313	0.826233294430117	0.995397836610779
INPPL1	0.0584401514422597	0.216195003725691	0.82883574791079	0.995397836610779
NCOR2	-0.0448557413408297	-0.214564057411061	0.830107219266977	0.995397836610779
RBM26	0.0683974286296251	0.213340688100816	0.831061239461811	0.995397836610779
ARID2	-0.0432470196546909	-0.212133755881044	0.832002685555017	0.995397836610779
BRCA2	0.0400318353933925	0.211801660431982	0.83226177307331	0.995397836610779
TRIM51	-0.0426225664674563	-0.211542549835372	0.832463933402032	0.995397836610779
PPP2R5B	-0.0960439209755538	-0.210505075997123	0.833273490346061	0.995397836610779
USP13	0.0698649771016471	0.209736121145548	0.833873631898457	0.995397836610779
ABCC3	-0.0583228407554575	-0.205762543918886	0.836976400713232	0.995397836610779
CD3EAP	-0.118397971736027	-0.202774685991861	0.839311144541703	0.995397836610779
CHD3	0.0496574030619417	0.195633380031862	0.844897131599143	0.995397836610779
SLC35B2	-0.0981840773062254	-0.187542424404341	0.851235363859769	0.995397836610779
ARHGAP18	-0.0700417800248763	-0.183749690858398	0.854209824873212	0.995397836610779
KRT16	0.0829796202534954	0.183712075991521	0.854239334882286	0.995397836610779
LTBP4	-0.0503353555434978	-0.180835946185204	0.85649634725498	0.995397836610779
EPB41L5	0.0556511094552003	0.174724857701275	0.861295834604757	0.995397836610779
KLF3	-0.0849206851567699	-0.173906279974266	0.861939117131775	0.995397836610779
RBM14	0.0818251035098414	0.172103415470216	0.863356227673029	0.995397836610779
ADAMTSL4	0.0525992160090138	0.165995197710014	0.868160729416006	0.995397836610779
TNFRSF25	0.0878395473012921	0.163067262908605	0.870465475163348	0.995397836610779
POLR2B	0.0460925485172004	0.162620231722861	0.870817456430258	0.995397836610779
MYC	0.0618912274513249	0.162363627565544	0.87101951174286	0.995397836610779
BRD1	-0.0507109226340831	-0.159930938746802	0.872935476602948	0.995397836610779
INSM2	-0.0896323300374908	-0.158180840357017	0.874314300854038	0.995397836610779
ATP1B1	0.0799580535607969	0.157811410068227	0.874605407392867	0.995397836610779
ADAMTS2	0.0361317024647325	0.156821488558521	0.875385536971067	0.995397836610779
TSC22D1	0.0627291667142555	0.155103869787385	0.876739431458642	0.995397836610779
AKR1B15	0.0613498489884226	0.153432301834004	0.878057373279	0.995397836610779
TXLNB	-0.0466011147515409	-0.152469913751923	0.878816318323794	0.995397836610779
KRT222	0.0967301780141394	0.15148378998436	0.879594096993649	0.995397836610779
ADD3	-0.0564788101456211	-0.14561186750957	0.88422779892764	0.995397836610779
MAP2K1	-0.054053897681402	-0.144495408721982	0.885109281715781	0.995397836610779
PTPRA	0.0527733718722529	0.142408919120691	0.886757017750021	0.995397836610779
CD4	-0.0701379694671254	-0.141273995058257	0.887653492491112	0.995397836610779
HIST1H4B	0.07753043451776	0.13967157853457	0.88891948329238	0.995397836610779
CDKN2A	-0.0194526798349535	-0.139562671291302	0.889005535890629	0.995397836610779
TSC2	-0.0341259006045347	-0.138414293529171	0.889913001144978	0.995397836610779
PLEKHH2	0.0346684320573026	0.137168779143725	0.890897388245738	0.995397836610779
CDH1	0.0375107030028004	0.133283030787317	0.893969547330803	0.995397836610779
CHL1	-0.0276159593704024	-0.133232487282801	0.894009518733788	0.995397836610779
LARP4B	-0.0378559945339501	-0.131210977116967	0.895608412550792	0.995397836610779
C11orf57	-0.0983802408141213	-0.131117016685491	0.895682740006009	0.995397836610779
C20orf195	0.0653959145624978	0.130941099897835	0.895821901547154	0.995397836610779
LYZL6	-0.0737079127151536	-0.129585963389585	0.89689400919101	0.995397836610779
DHX9	0.0389164711799086	0.129364721430582	0.897069061292593	0.995397836610779
TNKS1BP1	-0.0319819178543451	-0.12768037566072	0.898401920919655	0.995397836610779
MEN1	0.0534086691280585	0.126639879345432	0.899225431879592	0.995397836610779
NFE2L2	-0.0240899698922501	-0.120475862889789	0.904106198987378	0.995397836610779
ACACB	-0.0234890404472324	-0.119937719211346	0.904532484519085	0.995397836610779
BTBD10	0.0587285456914772	0.11729761047428	0.906624218526066	0.995397836610779
ADNP2	0.0389378923869985	0.113692810024989	0.909481312332702	0.995397836610779
BRWD1	-0.0267092449180072	-0.113428442194668	0.909690891607265	0.995397836610779
SAFB	0.0470297175404532	0.113267683405662	0.909818337230762	0.995397836610779
ERRFI1	-0.0486012568828002	-0.111203536718108	0.911454947134699	0.995397836610779
CARD10	-0.0415484981789809	-0.10981738544829	0.912554202844532	0.995397836610779
TTBK2	-0.0349937423229702	-0.109042873604875	0.913168484839231	0.995397836610779
ASXL2	0.0282672974049921	0.108298815370326	0.913758662288028	0.995397836610779
TEAD2	0.0481169481288479	0.103773357064054	0.917349210273388	0.995397836610779
CARD11	-0.0213593078450167	-0.0985078703813051	0.921529022696855	0.995397836610779
ZNF750	0.0291421985754826	0.0978131503353795	0.922080665001464	0.995397836610779
MAX	-0.0589059292820648	-0.0972736915960406	0.922509047968453	0.995397836610779
NCOR1	-0.0201276696823607	-0.0967504014720085	0.922924612955197	0.995397836610779
SPOP	-0.0332431104230366	-0.0962367838822655	0.923332517068139	0.995397836610779
CUL3	-0.0239919677466486	-0.0961108355032118	0.923432545661509	0.995397836610779
ME3	-0.0325446313377774	-0.095855208502891	0.923635569139277	0.995397836610779
RPL22	0.0519455856984554	0.0955686205756784	0.92386318824636	0.995397836610779
BRSK1	-0.0304798277012903	-0.0943864828241393	0.924802153011068	0.995397836610779
TCP10L	0.0582940883582291	0.0939465856264721	0.925151587474623	0.995397836610779
PHF14	-0.0304369137044979	-0.0932751209831342	0.92568499647976	0.995397836610779
TCF19	-0.0670408178758661	-0.0922034615913488	0.926536387810888	0.995397836610779
DAZAP1	-0.0404209863537969	-0.0911243886697592	0.927393753903994	0.995397836610779
NPAS3	-0.0236791543768519	-0.0901322129474874	0.928182151158733	0.995397836610779
ATF7IP	-0.0237144721651771	-0.0865700651451698	0.931013261096987	0.995397836610779
ICAM3	-0.0525473580894891	-0.0809292042205345	0.93549825452538	0.995397836610779
PLSCR1	-0.0378791197532016	-0.0809126494159303	0.935511420172117	0.995397836610779
MUC6	0.0166635331476065	0.0779683027289003	0.937853266970743	0.995397836610779
NR3C1	-0.0329101261784815	-0.0771812707098743	0.938479341005465	0.995397836610779
GPSM2	-0.0325761143154368	-0.0761433138934887	0.939305080638302	0.995397836610779
CERKL	-0.0248447565361773	-0.0761261871542554	0.939318706251397	0.995397836610779
IFT122	0.0219091929902505	0.0693736546089261	0.9446921989605	0.995397836610779
TTK	0.0197796211818748	0.0681656033413928	0.945653807816612	0.995397836610779
ZMPSTE24	-0.0351566569511294	-0.0678379293345041	0.94591465005019	0.995397836610779
TMEM255B	0.0325067228295542	0.0673895310366226	0.946271603266332	0.995397836610779
GABRG3	-0.019688123740871	-0.0658826372959819	0.947471263977281	0.995397836610779
ERCC2	-0.0232949021408169	-0.0649358123303581	0.948225106637311	0.995397836610779
WDR17	-0.0123936617807118	-0.0626417570580598	0.950051777368053	0.995397836610779
KRT17	0.02716361835934	0.0607749935503731	0.951538405754138	0.995397836610779
RBM45	-0.0272773138090736	-0.0602191299343464	0.951981109878702	0.995397836610779
TCF12	-0.019163450944266	-0.0590476767050088	0.952914133811902	0.995397836610779
CSDE1	0.0187478215524811	0.053804225547626	0.957091142898116	0.995397836610779
MFRP	-0.0184187686021609	-0.0518018796162094	0.958686557847034	0.995397836610779
NRD1	0.0140110486368223	0.0506037882223455	0.959641244130065	0.995397836610779
MTA1	-0.0191876809350926	-0.048653783596264	0.961195207571229	0.995397836610779
TRMT1	0.0211485714954601	0.0478905242760648	0.961803491259354	0.995397836610779
COL1A1	0.0116650768933137	0.0478496578313212	0.961836060626186	0.995397836610779
CDH11	0.0092101178065155	0.0443808327738581	0.964600839823829	0.995397836610779
LATS2	-0.0154867869612948	-0.044146839089342	0.964787356961757	0.995397836610779
USP40	0.015083111439941	0.0413293541481438	0.96703333183053	0.995397836610779
PNLDC1	-0.0155558417767979	-0.0402904816153513	0.967861542189421	0.995397836610779
TAS2R3	-0.0212417599456684	-0.0401534898573906	0.967970757417586	0.995397836610779
KIAA1549	0.00832907518080781	0.0384999881961822	0.969289040896398	0.995397836610779
GATA2	0.0133250616053863	0.0279341083133015	0.977714704550891	0.999318995795129
SMAP1	0.0150246620367492	0.0274950085150984	0.978064920971839	0.999318995795129
EMC1	0.0101105470568692	0.0255439360661732	0.979621103994805	0.999318995795129
PHF6	0.0132097081039742	0.0232676188682806	0.981436801117359	0.999318995795129
ARID4B	0.00649216493318618	0.0228360627810003	0.981781041579182	0.999318995795129
RNF111	-0.00646992106333028	-0.0213872839617259	0.982936717175536	0.999318995795129
ACVR2A	-0.00557607280979566	-0.0178491371651822	0.985759205202761	0.99999999999993
HMCN1	0.00164666291779507	0.0127608667022213	0.989818577799906	0.99999999999993
FAHD2B	-0.00542977561970919	-0.0109629451408552	0.991253010542722	0.99999999999993
GALNT2	-0.00366260055786679	-0.010569902439748	0.991566595068413	0.99999999999993
GNB3	0.0036482633970988	0.00727783847577582	0.994193176305813	0.99999999999993
TRRAP	-0.000977415228425345	-0.00563824337402324	0.995501356496985	0.99999999999993
STAT3	0.00138225010642476	0.00377622683599403	0.99698701407028	0.99999999999993
CWH43	-0.000719461330673614	-0.00269809704970048	0.997847232632423	0.99999999999993
TP53BP2	8.94312400791501e-05	0.000278304282406069	0.999777945312729	0.99999999999993
TP53	2.06775237568075e-07	8.76659892485226e-14	0.99999999999993	0.99999999999993
