Gene	WGD_Estimate	WGD_Zvalue	WGD_Pvalue	WGD_FDR
CREBBP	-0.757387186462799	-3.33035231573386	0.000867361610730201	0.201433375299895
RNF43	-1.39910707663987	-3.32076338770174	0.00089771608882284	0.201433375299895
SMAD4	-1.01492649166682	-3.23303838608726	0.00122481103779373	0.201433375299895
PTEN	-0.528073253134702	-3.16760537949121	0.00153699994940002	0.201433375299895
PIK3CA	-0.351118780721751	-3.15006145330022	0.00163236122609315	0.201433375299895
ADNP2	-1.2013344931835	-3.02119265679333	0.00251781103209364	0.258914901133629
HRAS	-1.06988539355515	-2.83750505705357	0.00454676265341986	0.400764651022865
RHOA	-1.17292716982713	-2.74792490877565	0.00599737427302941	0.438183557442793
PPP2R2D	1.99001740199672	2.64543852921344	0.00815851088655106	0.438183557442793
DNAH7	-0.455123859330684	-2.6150063594649	0.00892257941579672	0.438183557442793
BRSK1	-1.47252028532667	-2.61269493533541	0.00898314467583756	0.438183557442793
FGFR3	-0.729825337960136	-2.56127466856583	0.0104288868698326	0.438183557442793
JAK1	-0.886076416527325	-2.51821211800923	0.0117952262284259	0.438183557442793
MTOR	-0.591176578164019	-2.49623263732502	0.0125520251730551	0.438183557442793
MYO9A	-0.608833262696234	-2.49354476317567	0.0126474635992687	0.438183557442793
BTBD11	-0.732388363365034	-2.44981969185539	0.0142927767239507	0.438183557442793
C1orf168	-0.771151738719116	-2.43180866485094	0.0150236413032676	0.438183557442793
EPAS1	0.811003875839144	2.38932101916474	0.0168795461300304	0.438183557442793
SMARCA4	-0.556879019183246	-2.38598816830467	0.0170332990540355	0.438183557442793
RBM10	-0.744982755534771	-2.3637043420923	0.0180932455268105	0.438183557442793
IGSF9	0.685433131894554	2.34961782007545	0.0187926955225841	0.438183557442793
PIK3R1	-0.64349242397021	-2.34327354937763	0.0191153622414921	0.438183557442793
BAP1	0.492015216164802	2.32292766172901	0.0201830388317257	0.438183557442793
GPS2	-1.2829478208026	-2.31285110719464	0.0207308267591217	0.438183557442793
CUBN	0.378720365779822	2.30577401868335	0.021123262696816	0.438183557442793
ZMYM2	-0.882476362188324	-2.29385040840437	0.0217990927994371	0.438183557442793
USP9X	-0.626242232988122	-2.29053287374264	0.0219904451608946	0.438183557442793
KANSL1	-0.668392862647617	-2.28312422087655	0.0224230522152704	0.438183557442793
XYLT2	-1.46783711975248	-2.28196672513129	0.0224913048525221	0.438183557442793
ME3	-1.02616740897347	-2.28191579497054	0.0224943121324378	0.438183557442793
GTF2I	-0.981003567423638	-2.28092185728261	0.0225530713130663	0.438183557442793
KMT2C	-0.314178076958709	-2.27646021688323	0.0228184791057141	0.438183557442793
STK11	0.645132350946318	2.26625011918137	0.0234360735747361	0.438183557442793
KMT2B	-0.510937829006749	-2.2451483909904	0.0247586079424941	0.440006650321044
HIST1H3B	-1.0435388340032	-2.24202342151359	0.0249598586081629	0.440006650321044
PPP2R1A	0.765645939299508	2.20470813441776	0.027474581957904	0.470883807445188
RASA1	-0.787864013419211	-2.18376551544048	0.0289794827889092	0.483252456236675
EEF1A1	-0.790035328029346	-2.13636420919654	0.0326497389628259	0.529193444166292
CHD1	-0.701080316759388	-2.12031687213261	0.0339793317409111	0.529193444166292
COL7A1	-0.43568940007588	-2.11643866395409	0.03430751663963	0.529193444166292
LMAN1	-1.32882440156526	-2.09747101285327	0.0359519005819123	0.541032259976583
CDH11	0.543824766553145	2.07562359033441	0.037928777871941	0.547585855440146
ARID1A	-0.303579633874559	-2.07113584642907	0.0383461027785029	0.547585855440146
MAX	-1.58971972270274	-2.06366086111633	0.0390498827218256	0.547585855440146
ALYREF	1.29966940203786	2.05078036867074	0.0402883401732189	0.552397908597246
CTCF	-0.607597204622399	-2.03902259614462	0.0414477724295225	0.555940773674248
ELMSAN1	-0.855066740224192	-2.00640098725165	0.0448134830794746	0.588296150213529
HLA-A	-1.12697873517983	-1.98811956648398	0.0467984678637077	0.596891661551657
RPL22	-1.02627165428627	-1.98268106892573	0.0474030655041024	0.596891661551657
CTNNB1	-0.359244539351135	-1.93596930855726	0.052871460047774	0.652433816989531
MAP2K4	-0.58816083384288	-1.9231544117408	0.0544606606164181	0.654042961478357
DYRK1A	0.629541940353404	1.91791385477996	0.0551219351651128	0.654042961478357
AKAP7	1.03233591181637	1.90283821227634	0.0570616593784343	0.664283845971584
UBR5	-0.447477426072103	-1.8589888989986	0.0630287119014106	0.686989721226553
FAHD2B	-1.98332609438305	-1.85234918066324	0.0639756977648551	0.686989721226553
ZNF750	-0.809222235020164	-1.83732096665074	0.0661625264554371	0.686989721226553
OR10A4	-1.0680159535483	-1.83543162761473	0.0664417610804659	0.686989721226553
STAT3	-0.722489879155196	-1.82416340490827	0.0681273722489612	0.686989721226553
DDX3X	-0.630728403095032	-1.82213689049381	0.0684342174451584	0.686989721226553
RBM39	-1.01672412026666	-1.8178723812873	0.0690836404870711	0.686989721226553
TSC1	-0.541587019362335	-1.81545976611811	0.0694532835939626	0.686989721226553
CPEB2	-1.0476280837548	-1.81218945555502	0.0699569277812647	0.686989721226553
CHST4	-0.943697326619415	-1.80194523320056	0.0715540225894392	0.686989721226553
RDH5	-1.93886253050912	-1.79740864933941	0.072270768626027	0.686989721226553
CHD3	0.507508149863297	1.79676264261023	0.0723733093674651	0.686989721226553
TCF20	-0.531856303698821	-1.78420064199131	0.0743910680421843	0.689557148583061
CHL1	0.391257014552855	1.76275778640569	0.0779413499105229	0.689557148583061
SELP	0.496725961459966	1.75269850317771	0.0796537727869154	0.689557148583061
SPTA1	0.236328162930236	1.7437529931896	0.0812021704017481	0.689557148583061
DOCK8	-0.509285440067937	-1.73332887782719	0.0830372308430133	0.689557148583061
ASXL1	-0.509314005478009	-1.73125952751783	0.0834054864859317	0.689557148583061
XPO4	-0.664297412185375	-1.73037533164922	0.0835632382736572	0.689557148583061
CLMN	-0.671147606070021	-1.72934688401568	0.0837470302953423	0.689557148583061
FAS	-1.31660344296595	-1.72910201341672	0.0837908388871795	0.689557148583061
LZTR1	-0.569869111279773	-1.72782524464879	0.0840195599715629	0.689557148583061
ARID4B	0.526034913938728	1.72273008421216	0.0849373473133106	0.689557148583061
CMTR2	-0.67424802167845	-1.71650318664664	0.0860699852263427	0.689677673826668
ARHGEF40	-0.612925380512802	-1.70589555749168	0.0880275270525879	0.696320310146753
PTPDC1	0.626725517018355	1.68640176077632	0.0917184425363437	0.698195318550455
MPP7	-0.563602100710218	-1.68372372439672	0.0922350741552549	0.698195318550455
METTL14	-1.00481215871424	-1.6785100150573	0.0932475769888607	0.698195318550455
PIK3R2	-0.880801394397424	-1.67464050538444	0.0940047869345133	0.698195318550455
MAP7D3	-0.695256417180753	-1.66225270495739	0.0964621163752111	0.698195318550455
GPSM2	-0.930153290510943	-1.65812446744513	0.0972923462881378	0.698195318550455
MAPK1	0.662489422771683	1.65455726978376	0.0980143372589021	0.698195318550455
MEN1	-0.653109900968264	-1.6540276619584	0.0981218924011102	0.698195318550455
MSX1	-1.77131642689697	-1.65237496397773	0.098458136010533	0.698195318550455
ASXL2	-0.425177639982081	-1.64501706858392	0.0999662912165947	0.698195318550455
SYNE1	0.20866920202535	1.64141099715286	0.100712128607764	0.698195318550455
COL5A3	-0.360400572398459	-1.63219135949435	0.102639180432205	0.698510161567673
BRAF	-0.260921295014462	-1.62074591517029	0.105072142053312	0.698510161567673
LCP2	0.619973815000783	1.60643787546056	0.1081777345611	0.698510161567673
CCAR1	-0.632528741445297	-1.60296814785323	0.108941686538336	0.698510161567673
CNGA3	0.457897596992941	1.6010417378537	0.109367675066618	0.698510161567673
KLKB1	-0.677133456525312	-1.5941788337105	0.1108959858737	0.698510161567673
KIF20B	0.43845423261932	1.59405445475879	0.110923838790076	0.698510161567673
CCNT1	-0.722328229418191	-1.58890553564849	0.11208172124166	0.698510161567673
KDM6A	-0.374265546988971	-1.58886533031039	0.112090799932152	0.698510161567673
AKT1	-0.577644490184202	-1.58456903082356	0.113064285943957	0.698510161567673
PSME4	-0.542274432818686	-1.58392528287452	0.113210723106592	0.698510161567673
RUNX1	-0.556330435370335	-1.56216004608324	0.11825029024073	0.722380485926043
NES	0.399200897794109	1.54756434173855	0.121727222157416	0.736330353638484
PARP14	0.426769119571403	1.51426896437037	0.1299576366674	0.77848409537656
CBFB	-0.766467175574953	-1.49846551069799	0.13401234691693	0.781928823792195
MECOM	-0.330808028370532	-1.49470446806883	0.134991587695601	0.781928823792195
NCOR2	-0.368965288893057	-1.49359838583743	0.135280621599697	0.781928823792195
HIST1H2AK	0.743964384102073	1.49146354845987	0.13583983451659	0.781928823792195
DOCK2	0.288764447288799	1.48755144369796	0.136869226855036	0.781928823792195
WDR47	-0.636072218898338	-1.48079867229445	0.138660230449696	0.78321132830758
NIPBL	-0.317560921449245	-1.47630423529898	0.139862237682852	0.78321132830758
UBR4	-0.29554120642726	-1.45852540185901	0.144695778698458	0.78321132830758
GNAQ	-0.658565062873004	-1.45822792842546	0.144777728126417	0.78321132830758
EPB41L5	-0.790254822855718	-1.45243809889518	0.146379829246251	0.78321132830758
IGLL5	0.726475740869766	1.45028534825421	0.146978963142434	0.78321132830758
C3	-0.342882854047376	-1.44937644374547	0.147232483445184	0.78321132830758
WRN	0.432063273946003	1.44220709107568	0.149243960755661	0.78321132830758
ESRP1	0.468258203031461	1.44098255993396	0.149589609891582	0.78321132830758
SKIV2L	-0.603711815886469	-1.44028218401502	0.149787579805988	0.78321132830758
LAMA3	-0.304253913168351	-1.43229009715288	0.152060815988456	0.788416163570397
TCERG1	-0.524282277215187	-1.41623898393051	0.156705545574368	0.80270828212794
MAP2K1	0.499194794628938	1.41152351614284	0.158090306630608	0.80270828212794
GLI1	0.39231460654876	1.40798425526814	0.159135732221448	0.80270828212794
PTCH1	-0.435492608675346	-1.40500005446116	0.160021262077369	0.80270828212794
DDX17	-0.588821769381692	-1.40011847877346	0.16147784235696	0.803482489792294
ARHGAP35	0.31891538642648	1.39268055251415	0.163716412011451	0.806681008956596
CEP152	0.419147255241741	1.38580731666878	0.165805747629548	0.806681008956596
BCOR	-0.335009137365609	-1.37969627586235	0.167680180050645	0.806681008956596
RBM26	0.513109689491979	1.3785897760643	0.168021270581122	0.806681008956596
AJUBA	-0.965412124155192	-1.37462543564082	0.169247598748316	0.806681008956596
SPATA22	0.612492914380746	1.37173378213553	0.170146327800849	0.806681008956596
CSDE1	-0.538106050255389	-1.36812603340447	0.171272629130169	0.806681008956596
FUBP1	0.373644441350798	1.35772171390951	0.174552004041938	0.808601690005055
TRMT1	0.541543993239249	1.35380082516776	0.17579993035246	0.808601690005055
RQCD1	0.56006082820275	1.3512069722689	0.176629141759249	0.808601690005055
TSPYL1	-1.47177626220924	-1.35029126236224	0.17692257398814	0.808601690005055
ABCC3	-0.375707164341714	-1.34108717441797	0.179892150934794	0.812457100819628
CHD8	-0.312638973144797	-1.33952533370119	0.180399712823807	0.812457100819628
RRAS2	-2.07837603347645	-1.33229024847221	0.18276483028154	0.816913154546766
PRKDC	-0.261288700841525	-1.32842676832857	0.184037161235009	0.816913154546766
TTPA	0.784862233661241	1.31690254372138	0.187871293744573	0.819277177222433
MTA1	-0.752525769435916	-1.31058033441826	0.18999958683466	0.819277177222433
IARS	0.454595599806732	1.30562692147521	0.19167946059191	0.819277177222433
ALB	-0.380199802037229	-1.30300186703414	0.192574124157674	0.819277177222433
SVIL	-0.344346459266511	-1.30263451898892	0.192699567070849	0.819277177222433
INSM2	-0.904357212290219	-1.30151079795762	0.193083670893231	0.819277177222433
PSIP1	0.447984989266468	1.29923114616642	0.193864615679863	0.819277177222433
TRIM9	0.419829176763203	1.29243755038942	0.196205659706919	0.819826881297799
CLCN2	0.432928546088673	1.27964876064434	0.200668692755224	0.819826881297799
IDH1	0.275633674436753	1.27858269342895	0.20104404759294	0.819826881297799
CAMTA2	0.398800576164003	1.27849451736164	0.201075116692603	0.819826881297799
STAT4	0.384932591771958	1.26999540354498	0.204086267446987	0.819826881297799
POLQ	0.272617397237359	1.26328869385173	0.206485447926892	0.819826881297799
LAMC1	-0.389050002196326	-1.25383727989922	0.209901155884927	0.819826881297799
TSC2	0.32598664297967	1.25219240278366	0.210499763653914	0.819826881297799
ADAMTS2	0.296988406256389	1.24484441398215	0.213188946680179	0.819826881297799
IDH2	0.481944875838647	1.24031486217522	0.214858957373602	0.819826881297799
CUL1	-0.45786869727755	-1.23923623255663	0.21525802608545	0.819826881297799
SF3B1	-0.305427161029173	-1.23889508955105	0.2153843524249	0.819826881297799
DSC2	0.323599353475278	1.23885947909027	0.215397542169738	0.819826881297799
PIK3CB	0.391799514591373	1.2353706967204	0.216692573424998	0.819826881297799
TXLNB	0.466202790885585	1.23436028186562	0.217068682259198	0.819826881297799
NRAS	-0.257031922635365	-1.23306436254672	0.217551752108123	0.819826881297799
MBD6	-0.446731820737425	-1.23079558879192	0.218399325805722	0.819826881297799
PPP6C	0.487130272465886	1.22593603031841	0.220222748710657	0.819826881297799
RP1L1	-0.237916836528753	-1.22175028836101	0.221802072776931	0.819826881297799
NOTCH1	-0.261888420709218	-1.21833757313999	0.223095717388284	0.819826881297799
DSG3	0.271295856363136	1.21204874003158	0.225493723888135	0.819826881297799
UPF3B	0.504371434405974	1.21179610108014	0.225590441167021	0.819826881297799
CR2	-0.299772874058893	-1.20917095958937	0.22659717210684	0.819826881297799
FOXA1	-0.37085675456763	-1.20669073328012	0.227551269150196	0.819826881297799
FRYL	0.284651588757222	1.20315905355415	0.228914776731693	0.819826881297799
LGALS2	-0.992340453381983	-1.2020830383909	0.229331357269767	0.819826881297799
PCBP1	0.483449344539047	1.18973523432939	0.234150472203808	0.819826881297799
ERCC2	-0.440659125341657	-1.18374626980297	0.236513517061684	0.819826881297799
ADAM30	-0.398954327050166	-1.18339034063336	0.236654483725021	0.819826881297799
DHX9	0.336801027124178	1.1817707521859	0.237296675945492	0.819826881297799
TNN	0.242129622984186	1.17893983223002	0.238422135226719	0.819826881297799
ATP10D	0.283831675983426	1.17825934252444	0.238693231187064	0.819826881297799
PZP	0.285922633527343	1.178170386041	0.238728686063953	0.819826881297799
TAS2R9	-0.79594676078979	-1.17111875566737	0.241551045879598	0.819826881297799
MAP3K1	-0.255443699770338	-1.16658119746048	0.243379540204919	0.819826881297799
EPHA2	-0.329070054702348	-1.16619237022	0.243536676683484	0.819826881297799
CD93	0.367436424019989	1.16337948367232	0.244675569793294	0.819826881297799
MYH1	-0.215322780041695	-1.15386803813963	0.248554274636911	0.819826881297799
TTC3	0.30502641659254	1.15277792228676	0.249001548453417	0.819826881297799
CDKN2C	-1.23782073145685	-1.15133735107953	0.24959347660511	0.819826881297799
OR51E2	0.407275472413599	1.14866215204651	0.250695318039759	0.819826881297799
CDK12	0.286738023997298	1.1470795905521	0.251348728118552	0.819826881297799
ARIH2OS	-0.694227104299542	-1.13439233067749	0.256630014667091	0.819826881297799
ACVR2A	-0.414995305338554	-1.12892185254392	0.258930801426096	0.819826881297799
NR3C1	0.465487613786994	1.12585210229178	0.26022812618003	0.819826881297799
AK5	-0.514335335844255	-1.12233516616906	0.261719959418145	0.819826881297799
CDH1	-0.209211017010651	-1.11486883294706	0.264906634329734	0.819826881297799
STAG1	-0.319999992991353	-1.11318816361719	0.265627625097126	0.819826881297799
ZFP36L2	0.389169688085625	1.10797476904569	0.267872712623798	0.819826881297799
PIGO	-0.445542251953799	-1.10305523093523	0.270003180913536	0.819826881297799
NAA35	-0.739625776481306	-1.10186599975825	0.270519931980543	0.819826881297799
ZEB2	0.264157842444127	1.09256397550018	0.274585286925387	0.819826881297799
USP34	0.233258273234702	1.09004604419102	0.275692862036295	0.819826881297799
PRRC2A	-0.290546176557872	-1.08933190936764	0.276007546171717	0.819826881297799
TECTB	0.54576413744827	1.08555585679098	0.277675538706653	0.819826881297799
MYCN	-0.557701549844723	-1.08316309400799	0.278736037786987	0.819826881297799
TTBK2	-0.405109124084536	-1.07299854377823	0.283271769502055	0.819826881297799
BTBD10	-0.511619171949699	-1.07258774072938	0.283456127587909	0.819826881297799
RET	-0.321842011242671	-1.07172256633378	0.283844661872844	0.819826881297799
MET	-0.28865436339744	-1.06690575077746	0.286014397735644	0.819826881297799
PKD2L2	0.397008891146888	1.06661188027857	0.2861471335312	0.819826881297799
SOX17	-0.465537950823797	-1.06509259612425	0.286834029405817	0.819826881297799
APPL1	0.516633489062122	1.06202626959558	0.288223759622789	0.819826881297799
ZNF124	-0.75365507376586	-1.06141771714392	0.288500108733618	0.819826881297799
SMAD2	-0.474590826038536	-1.06010028978691	0.28909897599105	0.819826881297799
AMPD1	-0.314932263437198	-1.05944547892632	0.289396946881244	0.819826881297799
PPP1R36	0.421991796696885	1.05731631898977	0.290367247938195	0.819826881297799
TCF19	-0.874333193494065	-1.05372417808343	0.292009216046994	0.819826881297799
ELF3	-0.326211844464802	-1.05246322913286	0.292587072410726	0.819826881297799
C6orf89	0.578027082695835	1.04943814913483	0.293976507909224	0.819826881297799
GATA3	0.19732325791132	1.04871338162054	0.29431005351411	0.819826881297799
APC	0.184925175120351	1.04825032222017	0.294523291083141	0.819826881297799
CPED1	0.276185785802004	1.04749612822938	0.294870816956777	0.819826881297799
ZCRB1	-0.870854150624017	-1.04365772824167	0.296643773928305	0.819826881297799
FOXN3	-0.634451184795591	-1.03789227070765	0.299320212387331	0.819826881297799
RB1	0.217754465434711	1.03468721260091	0.300815009795743	0.819826881297799
SLX4	-0.292050127383782	-1.03447476404191	0.300914268500448	0.819826881297799
LARP1	-0.376430363948125	-1.03321360541111	0.301503947239455	0.819826881297799
COL11A1	0.171271199331632	1.03320076055019	0.301509957054114	0.819826881297799
KLF3	-0.535325566773764	-1.02711821171514	0.304364804143325	0.819826881297799
HPS3	-0.444972629252037	-1.02643782125433	0.304685258207727	0.819826881297799
TMEM63A	-0.620875002211189	-1.02552193599375	0.305116980434981	0.819826881297799
ZFP37	-0.47579624283161	-1.02410788482634	0.305784320583244	0.819826881297799
MPP6	-0.458574395410663	-1.0193038134747	0.308058754116699	0.819826881297799
MAP3K4	-0.26446210891406	-1.01867559249754	0.308357003686814	0.819826881297799
DDX26B	0.36368545623104	1.01568816185552	0.309777907099652	0.819826881297799
FAM133A	-0.665127433167523	-1.00688434658218	0.313990355127447	0.819826881297799
SCAF4	-0.297834943338578	-1.00324355379976	0.315743363419749	0.819826881297799
SMAP1	-0.62819306338419	-0.999948293735914	0.317335531314198	0.819826881297799
TRRAP	0.189568153019767	0.996484700603014	0.319014697052789	0.819826881297799
BCORL1	-0.270464004696345	-0.994346204665453	0.320054348419832	0.819826881297799
SUGP2	-0.393402667542737	-0.994171725012371	0.320139271111798	0.819826881297799
SMTN	0.329903466229003	0.993073743622935	0.320674018385699	0.819826881297799
HLA-B	-0.360961182322001	-0.984721462421476	0.324760907397704	0.819826881297799
ZMPSTE24	0.455490654804378	0.974818276125955	0.329650409793241	0.819826881297799
CARD10	0.368483165684105	0.972463956271724	0.330819787812839	0.819826881297799
CD4	-0.479178673120705	-0.9693708546434	0.332360188657171	0.819826881297799
RFX7	-0.322385201258118	-0.968935668143331	0.332577287837176	0.819826881297799
ZBTB45	0.431323682019857	0.965113482584869	0.334487974597721	0.819826881297799
IQSEC2	0.294750938262401	0.964690243879109	0.33469998326985	0.819826881297799
GDI2	0.545045933532439	0.961606569051545	0.336247270469629	0.819826881297799
PIKFYVE	-0.275111147949092	-0.959092531443111	0.337512132522617	0.819826881297799
BRCA1	-0.276648602408678	-0.9583253633314	0.337898718069419	0.819826881297799
CASP8	-0.274722002093494	-0.958273914843303	0.337924653775286	0.819826881297799
RIPK4	-0.317618671690245	-0.957736267059925	0.338195763990729	0.819826881297799
STAG2	-0.227723341757123	-0.956820063522536	0.338658083598649	0.819826881297799
SUCLA2	-0.658664981006866	-0.954888544463172	0.339634063465925	0.819826881297799
C5orf42	-0.222483166546115	-0.95183591622904	0.34118020388985	0.819826881297799
NUP210L	-0.244872994947526	-0.95127807285606	0.341463234914279	0.819826881297799
SLC9C1	-0.259772450064341	-0.950183559684552	0.342018990748779	0.819826881297799
CYB5R2	0.629250746901868	0.947745290909649	0.343259138034625	0.819826881297799
BAZ2B	0.215729636976047	0.947425515509948	0.3434219943762	0.819826881297799
AFMID	-0.753367032561	-0.946014348513671	0.344141267838136	0.819826881297799
LTBP4	-0.28498836029529	-0.940029269500522	0.347202547310414	0.823938352655867
PRKCI	0.41207191244245	0.937340572122553	0.348583399381563	0.824045813863695
WNK4	-0.356235567650725	-0.918821018874603	0.358189196573812	0.838968409158542
AKAP13	-0.229335307649174	-0.918152753303033	0.358538899922967	0.838968409158542
PAX6	0.370390472903805	0.917319698929791	0.35897513779231	0.838968409158542
RPS6KA3	-0.365138115757213	-0.912058203199876	0.361738079272665	0.840730594316692
PPM1D	0.395960766414997	0.906688162112973	0.364571725229516	0.840730594316692
DOCK3	0.195942029760882	0.906621392401353	0.364607045137256	0.840730594316692
CREB3L4	-0.529527371332469	-0.905539625013128	0.365179577434155	0.840730594316692
VHL	0.249633063854002	0.900112580166835	0.368060341885089	0.842166746496942
AMER1	-0.250426338728603	-0.894191087075404	0.371219660210392	0.842166746496942
IDE	0.346956877144316	0.887897923937112	0.374595661571613	0.842166746496942
ZMYND8	0.280742951063559	0.885287548390129	0.376001563931156	0.842166746496942
ASAP2	0.293409507783037	0.882413193870309	0.377553403377602	0.842166746496942
PPP2R5A	0.45311009319384	0.881504038296608	0.378045069251248	0.842166746496942
TPR	0.225984507334268	0.879704382849271	0.379019474454241	0.842166746496942
NKAP	-0.471968471165752	-0.878332296429306	0.379763414020529	0.842166746496942
CYSLTR2	0.418423212524675	0.867438448375754	0.385701823093064	0.842166746496942
SPTAN1	-0.199279152596393	-0.861836989836558	0.38877722668478	0.842166746496942
UBE2A	0.551156277465277	0.855786329180585	0.392115978333236	0.842166746496942
PRRG1	-0.565347331477305	-0.855274080866642	0.392399432991333	0.842166746496942
KEAP1	-0.215277343441045	-0.855063771364651	0.392515844565581	0.842166746496942
TSC22D1	-0.365968400731264	-0.854382488073984	0.392893095675481	0.842166746496942
AHR	0.299251815288262	0.852528830164325	0.39392064458093	0.842166746496942
TREX2	0.648437238642979	0.851407889492788	0.394542810673539	0.842166746496942
CDC7	0.396305903366381	0.850877649547239	0.394837321648442	0.842166746496942
CNBD1	0.269205724411639	0.850247599823258	0.395187442714169	0.842166746496942
METAP1	0.547327611324654	0.849148452705166	0.395798692124626	0.842166746496942
TCF12	0.28470998309901	0.848928206049737	0.395921242685148	0.842166746496942
RNF111	0.318258253237433	0.845667926786215	0.397738020264704	0.842166746496942
CCDC50	0.420632988007965	0.845238790465503	0.397977528448525	0.842166746496942
KRT16	0.323045273790705	0.84445202290828	0.398416862302387	0.842166746496942
IRF2	-0.333286631785239	-0.84419240808347	0.398561896235182	0.842166746496942
CEP76	-0.464945805160224	-0.841594570937874	0.40001492921252	0.842352257078924
PHF14	0.325178472764829	0.837430431111111	0.402350666379438	0.844388983524195
IL6ST	-0.302150488027497	-0.827771666342406	0.407799823669326	0.847680787243795
DNAJC7	0.433007035154533	0.827607530431851	0.407892802181901	0.847680787243795
CDKN1B	-0.432686262401669	-0.827346256552632	0.408040832757548	0.847680787243795
FAT1	-0.139054185979555	-0.815167489914704	0.414976444116616	0.856531791191317
B4GALNT4	0.296482857273484	0.812682310716546	0.416400225755433	0.856531791191317
SLC16A7	0.421075312936567	0.812075659383197	0.416748218994232	0.856531791191317
ZNF609	-0.278109967243481	-0.810149522051256	0.417854244973398	0.856531791191317
MYD88	-0.426506925712734	-0.80543086813356	0.420571084856874	0.859246223035402
PCDHGA8	-0.245107786705287	-0.802641535107493	0.422181954097782	0.859690645803074
MCCC1	0.300168626165159	0.800166256714583	0.423614477241304	0.85977017255883
KRT222	0.325414783946154	0.794772818561117	0.42674566507546	0.86328549295593
POLR2B	0.27388386519665	0.788797785267015	0.430230204166072	0.867490313628975
SMC1A	-0.250589482784531	-0.785158715148285	0.4323605178563	0.868946057059731
HTRA2	-0.644413262570109	-0.779904961336192	0.435446817958446	0.872307424286888
NAV1	0.217888023153421	0.772694805101933	0.439703021827531	0.874613070875828
DST	-0.131998493225059	-0.769718125385404	0.44146711589429	0.874613070875828
PAX2	0.355097386703177	0.763013032671476	0.445455623463593	0.874613070875828
TG	0.144820959195294	0.762430386020964	0.445803176526644	0.874613070875828
ATM	0.121740275535307	0.762239227036972	0.445917237929716	0.874613070875828
AKR1B10	0.370069957610857	0.758485131442064	0.448160610803254	0.874613070875828
ZFX	-0.272925856002632	-0.757706236490968	0.44862686468174	0.874613070875828
RANBP2	0.1555882561695	0.756952773927191	0.449078156411484	0.874613070875828
HIST1H1E	0.281301215836529	0.756489942960914	0.449355499947549	0.874613070875828
FOXA2	0.331778455067181	0.754114443241114	0.450780505440768	0.874627584455829
PIM1	-0.474306645187505	-0.749655936422843	0.453461952332623	0.875087440772458
DAZAP1	0.27814375652998	0.744539739334841	0.456550008999292	0.875087440772458
BRD1	-0.270781027942662	-0.742855469497802	0.457569188273095	0.875087440772458
IFT122	-0.237090039747359	-0.740228165995866	0.459161559781826	0.875087440772458
HMCN1	0.102004193065452	0.738883933456113	0.459977479172926	0.875087440772458
TMEM200C	-0.402860724415929	-0.735104749132505	0.462275702240173	0.875087440772458
GOLM1	-0.507912195417258	-0.734529804409055	0.462625902208337	0.875087440772458
ADAMTSL4	-0.257622986772932	-0.733435607896245	0.463292788072133	0.875087440772458
ARFGAP1	-0.451270056759512	-0.73085023690312	0.464870634511197	0.875087440772458
MKI67	-0.150524422539873	-0.730310429233526	0.465200454738033	0.875087440772458
FLT3	-0.208009831171657	-0.712933101095983	0.475887155053944	0.892469223915754
SOS1	0.193093710147544	0.708962155852859	0.478347961746695	0.894365734538518
TNFRSF25	0.466397610105486	0.69391469256071	0.487735708934267	0.899492411556726
ERBB3	-0.169868370822681	-0.692250373167831	0.488780109558479	0.899492411556726
DLD	-0.401756203549332	-0.688137629740339	0.491366115828436	0.899492411556726
KLHL6	-0.243308316429287	-0.679402182209425	0.49688306757943	0.899492411556726
KCNB1	-0.182973718057869	-0.679103635646861	0.49707219903348	0.899492411556726
BRWD3	0.156719866668406	0.677424944000062	0.4981363763936	0.899492411556726
NSD1	-0.158653338969176	-0.677324768877498	0.498199918970215	0.899492411556726
VEPH1	0.264174259940783	0.674929217276565	0.499720736714807	0.899492411556726
PDGFRA	-0.171909479926147	-0.673971767071144	0.5003292633043	0.899492411556726
KIF1B	0.177841744795592	0.673294544849923	0.500759922602297	0.899492411556726
GPR160	0.479255321773224	0.67246130732534	0.501290064671058	0.899492411556726
ATRX	0.129414093329088	0.671853543462323	0.501676937975217	0.899492411556726
TAS2R3	0.464473342308418	0.67076881972497	0.502367813647166	0.899492411556726
PHF20L1	-0.235914984063336	-0.670076897448931	0.502808771307781	0.899492411556726
EIF4G3	0.196708827218156	0.668908995462272	0.503553531634601	0.899492411556726
ATP8B1	0.229108609081793	0.667558403053696	0.504415517663901	0.899492411556726
FBXW7	-0.141496265163927	-0.66057801186055	0.508882973937832	0.900034258789855
AKR1B15	0.294643504043009	0.658284278772533	0.510355478103446	0.900034258789855
NRD1	0.228492005313256	0.657380712105344	0.510936150494526	0.900034258789855
CWH43	0.176554306234443	0.656856567328906	0.511273147526998	0.900034258789855
KLHL7	-0.325207615659938	-0.652177144494674	0.514286902331796	0.900034258789855
ARID2	-0.12562345786581	-0.650786148740981	0.515184542758332	0.900034258789855
BCL2L11	-0.388508392137038	-0.649688242744425	0.515893619966636	0.900034258789855
VPRBP	-0.262259491745588	-0.64383029133483	0.519685488804179	0.900034258789855
ZKSCAN1	-0.344077856383938	-0.642782090488821	0.52036550572836	0.900034258789855
CRIP3	-0.38404045359692	-0.642720184180896	0.520405681584215	0.900034258789855
PCDHA10	-0.16607620863797	-0.640645037299413	0.521753331392741	0.900034258789855
SLC3A2	0.287350038564202	0.638630932928902	0.523063053243411	0.900034258789855
NOVA1	-0.208279367506645	-0.636875929157204	0.52420566294474	0.900034258789855
QKI	-0.345304368731556	-0.632559680967838	0.527021223541473	0.900034258789855
B3GALTL	-0.375599721546176	-0.630317185910812	0.528487081025366	0.900034258789855
NRIP1	-0.216897021245616	-0.628989407365814	0.529355991000428	0.900034258789855
MFRP	-0.287527694782261	-0.627305408204484	0.530459059024966	0.900034258789855
CDC25C	-0.314184081257958	-0.625733468032912	0.531489777302599	0.900034258789855
SPOP	-0.234622416127632	-0.624101518260056	0.532560916896484	0.900034258789855
SBNO1	-0.193645354430789	-0.620720432671288	0.534783583132362	0.900034258789855
GOLGA4	0.173106605694694	0.619855947935955	0.535352630430918	0.900034258789855
BRWD1	-0.168046997615613	-0.615577126025297	0.538173651872649	0.902318323927784
NF1	-0.0979388451990612	-0.613291296076859	0.539683747512286	0.902398027683145
CTAGE1	0.183624875670596	0.60651060485866	0.544175742431865	0.90437756060156
PLXNB2	-0.146184996517941	-0.603608633995981	0.546103871171013	0.90437756060156
GABRG3	-0.22445497461784	-0.603092958632254	0.54644685043004	0.90437756060156
SETDB1	0.182264163003891	0.602666335788594	0.546730680882305	0.90437756060156
FGFR2	-0.160214495237045	-0.596982636845196	0.55051897312381	0.90820910806789
HPS1	-0.269870834266773	-0.592811581817618	0.553307255865821	0.908771350164372
CENPC	-0.261565368600015	-0.592067251505461	0.553805555367592	0.908771350164372
REV3L	0.126809660015034	0.580849098293958	0.561342161008286	0.917505419885752
MPRIP	-0.228789610981045	-0.577488690983622	0.563609376040775	0.917505419885752
CREB3L3	0.214651650229257	0.574180009801402	0.565845995192694	0.917505419885752
ITGA1	0.191628433393687	0.573858812094717	0.566063346798303	0.917505419885752
RIT1	0.350106542680616	0.572505399707783	0.566979628735538	0.917505419885752
MYH9	-0.136627226743889	-0.570925186402034	0.568050357206414	0.917505419885752
USP26	-0.159761926944681	-0.565696758588475	0.571599939096488	0.920476324198177
TNKS1BP1	-0.165028342789395	-0.561875829736569	0.574200622577167	0.920476324198177
EP300	-0.114643313841165	-0.55890213151242	0.576228514640953	0.920476324198177
TAF1	-0.138259652034015	-0.555397938626071	0.578622502253579	0.920476324198177
WTAP	0.252198870620583	0.549115725432352	0.582926034068904	0.920476324198177
HSPA4L	-0.233828745938181	-0.549000426884432	0.583005156870389	0.920476324198177
IFT74	0.291364410948666	0.543879164195288	0.586524627832298	0.920476324198177
TBCK	-0.275580513203526	-0.542004995494735	0.587815064540424	0.920476324198177
RBM14	-0.249194439079161	-0.541975843701642	0.587835147029867	0.920476324198177
ADD3	0.216274013516452	0.535125146650576	0.592563322287625	0.920476324198177
ZZZ3	-0.222726821836803	-0.529722134095344	0.596304599253973	0.920476324198177
ARHGAP18	0.240391436335214	0.529497283069688	0.596460528678631	0.920476324198177
ICAM3	-0.332095050059163	-0.528939337615949	0.596847532215608	0.920476324198177
CARD11	0.11744397937814	0.527060954980338	0.598151259847508	0.920476324198177
SOX9	-0.17288154175278	-0.52438621541091	0.600009942166501	0.920476324198177
XIRP2	-0.0768651746773825	-0.522936261188234	0.601018609535399	0.920476324198177
ZNF626	0.193998335659284	0.520384667682425	0.602795494298711	0.920476324198177
ACTC1	-0.175969905220525	-0.517610617292292	0.604729972493829	0.920476324198177
ABL1	-0.170031344411507	-0.514411943262847	0.606964010854967	0.920476324198177
TMEM255B	-0.224747470204863	-0.511673615090093	0.608879455045036	0.920476324198177
HIAT1	-0.320277543380704	-0.510624497406204	0.609614018749407	0.920476324198177
KIAA1024	0.167290062536033	0.509542478795494	0.610372031106994	0.920476324198177
WT1	0.196693046055213	0.504790680142904	0.613705862426247	0.920476324198177
EIF2S3	0.280530520026102	0.50339898546594	0.614683784768767	0.920476324198177
ERBB2	-0.118755737899322	-0.503164588127032	0.614848559631197	0.920476324198177
CNTLN	0.133951742963319	0.501465327329029	0.616043673813443	0.920476324198177
KIDINS220	-0.154239311575014	-0.501148819765929	0.616266390698378	0.920476324198177
SALL4	0.134338820868856	0.498111329124916	0.618405575838249	0.920476324198177
RAB3GAP1	-0.187580870506862	-0.496464990612947	0.619566381782989	0.920476324198177
LARP4B	-0.164654743449676	-0.494568230814241	0.620904932186234	0.920476324198177
SLC16A4	-0.29910036837751	-0.493358640986092	0.621759200440377	0.920476324198177
GRIK4	0.149096455402089	0.493316784659442	0.621788770446999	0.920476324198177
SLC35B2	-0.253808747238427	-0.49164136716869	0.622972894281669	0.920476324198177
NCOR1	-0.100756311358887	-0.491060517856425	0.623383645254886	0.920476324198177
TRIM51	-0.133470167327685	-0.490910871503622	0.623489487531861	0.920476324198177
ZMYM4	0.16371075295101	0.490759437454736	0.623596602131018	0.920476324198177
KLF5	0.17156763252348	0.488063448338331	0.625504900221873	0.921089554741994
DNMT3A	-0.139637831742557	-0.484613244118276	0.62795071717354	0.922489505943034
KIT	0.130492290665787	0.479130824261458	0.631845562393207	0.923525921497187
MUC6	0.112690476533592	0.477576089910401	0.632951952158022	0.923525921497187
STARD8	0.158683539586235	0.476737033990929	0.633549387932004	0.923525921497187
GNA13	-0.227781304925237	-0.475201411781712	0.634643420931617	0.923525921497187
NLK	-0.212151136491172	-0.471452834212305	0.637317393883903	0.925234898885572
TGFBR2	-0.144358374527308	-0.465482466073938	0.641585990486369	0.929245436925093
AFG3L2	-0.28417811048442	-0.462217302497229	0.643925496502048	0.929745724132396
MAP4K2	0.210678430854326	0.457407401149598	0.647378245627943	0.929745724132396
NPAS3	-0.139572331225965	-0.457341450667024	0.64742564064799	0.929745724132396
CERKL	0.147384732845778	0.455666018435264	0.648630161561502	0.929745724132396
PIGR	-0.151794887856559	-0.454504416636655	0.64946581377806	0.929745724132396
SLC27A5	-0.177994380487093	-0.452312965339286	0.651043536962191	0.929846903485351
MED12	-0.0963044004775543	-0.4322038099804	0.665593290507588	0.948432009799496
FN1	-0.0933189933073625	-0.417944181594131	0.675987928647036	0.949124455802383
GRIA3	0.113607507476999	0.417759784299071	0.676122756816442	0.949124455802383
KDM5C	-0.12559408063847	-0.414460321756141	0.67853701983832	0.949124455802383
HUWE1	-0.0743099869544361	-0.414204809722296	0.67872411968528	0.949124455802383
TOP2A	-0.136162446424008	-0.412661949819787	0.679854306293499	0.949124455802383
STAMBPL1	-0.218189706826128	-0.412429867408421	0.680024375272253	0.949124455802383
SENP6	0.159390849474111	0.412146563009889	0.680232001564353	0.949124455802383
CDC42EP1	-0.247566792142383	-0.405091739909208	0.685410077907866	0.949124455802383
RBM45	0.196630207722364	0.40401037867129	0.686205087164995	0.949124455802383
DICER1	0.111865772213823	0.401577955449984	0.687994656223085	0.949124455802383
TGIF1	0.218462513934865	0.400991164430997	0.688426629068046	0.949124455802383
RBM27	-0.126305864474703	-0.393148638555688	0.694209702030446	0.949124455802383
VPS13C	-0.0852689294920259	-0.390500065656461	0.696166806764884	0.949124455802383
ZNF43	0.117642071647119	0.389839548155511	0.696655197617592	0.949124455802383
CDC14A	-0.16336690598233	-0.387506497261536	0.698381275825268	0.949124455802383
MRI1	-0.337175265732718	-0.38735122760815	0.698496205611735	0.949124455802383
C11orf57	0.246669274772593	0.386740160856256	0.698948581141453	0.949124455802383
TBX3	0.107801997191228	0.384522769436499	0.700591023091543	0.949124455802383
KRT17	0.154969346660699	0.380984183371476	0.703214984912154	0.949124455802383
MORC4	0.140774949742319	0.377006479163425	0.706168789921624	0.949124455802383
ATXN2L	0.132102845580361	0.376620310682364	0.706455791647255	0.949124455802383
UTP20	-0.0930757982139297	-0.374226565074409	0.708235761455587	0.949124455802383
PPP2R5B	0.155435814532774	0.373135214888564	0.709047810560337	0.949124455802383
BPIFC	-0.14911029275659	-0.36928685632412	0.71191392141912	0.949124455802383
WDR17	0.100190533228763	0.368827270417639	0.712256476670468	0.949124455802383
H2AFY2	-0.199299208875898	-0.368324004552019	0.712631655664048	0.949124455802383
EPHX4	-0.268823409576914	-0.366998981350298	0.71361977783646	0.949124455802383
NPM1	0.224447923226657	0.36674278962948	0.713810885622809	0.949124455802383
GANAB	-0.13727057070556	-0.365881720849797	0.71445333670112	0.949124455802383
AGPAT9	0.168863365476839	0.364710795888647	0.715327298966592	0.949124455802383
KCNB2	0.0716602064783339	0.364542653993573	0.715452828437445	0.949124455802383
NFE2L2	-0.0903582288817247	-0.363366217795019	0.716331333928808	0.949124455802383
MLLT1	0.20801511477598	0.362457394868027	0.717010256035503	0.949124455802383
EGFR	-0.0698083877831654	-0.356077008863828	0.721782894583363	0.949124455802383
KRAS	0.0536858180582459	0.354480399319797	0.722978890715699	0.949124455802383
GIGYF2	-0.106132457504385	-0.353389516983965	0.72379644373564	0.949124455802383
HIST1H4B	0.19818102335359	0.351104455738266	0.725509985292136	0.949124455802383
MXRA5	0.0589800373905903	0.350026827337612	0.726318564344341	0.949124455802383
MUC17	0.0500248741073555	0.348428429185324	0.727518455151537	0.949124455802383
SPAG17	-0.0707324873476969	-0.348305443109758	0.727610806474112	0.949124455802383
ATRIP	-0.15172700150133	-0.342032827896689	0.732326187405825	0.951251600866949
CYP11B2	0.106684208781649	0.336889115922508	0.736200490457699	0.951251600866949
KMT2D	-0.0472709845104325	-0.336630810381026	0.736395227113358	0.951251600866949
CAMSAP2	-0.0980853213730461	-0.335676490485235	0.737114836042963	0.951251600866949
EMC1	-0.154128356805873	-0.333096795585493	0.73906121815776	0.951251600866949
MARK2	-0.115683292062816	-0.332863014113126	0.739237689348373	0.951251600866949
GATA2	-0.142420663877668	-0.330862278015879	0.740748516453309	0.951251600866949
IPO11	0.146900978232579	0.329767829594417	0.741575397110215	0.951251600866949
FBXO7	-0.181967722825818	-0.324360820496705	0.745664878310557	0.9521974252297
SAFB	-0.115342531445881	-0.322524944051727	0.747055043896653	0.9521974252297
FHOD3	0.0854149909076298	0.321388764520437	0.747915796490799	0.9521974252297
C3orf70	-0.168220103777913	-0.320636570431916	0.748485820480396	0.9521974252297
IL17RB	-0.216687222071935	-0.311628075943586	0.755323194517929	0.958135379406495
EIF4G1	-0.0985893744464884	-0.306010581859774	0.759596588866514	0.958135379406495
AP1S1	-0.193878054873409	-0.303910046900235	0.761196423290467	0.958135379406495
KMT2A	-0.0594004701346638	-0.300230142430918	0.764001614645683	0.958135379406495
ABCA6	0.0841655293968451	0.299705548730302	0.764401765792235	0.958135379406495
IKBKE	-0.116982281684123	-0.298922061901653	0.764999513336351	0.958135379406495
GNA11	0.144993767542076	0.297130143141253	0.766367152103848	0.958135379406495
CD79A	-0.193386485930521	-0.297095730698259	0.766393423711854	0.958135379406495
DPAGT1	-0.213757479235331	-0.296131758934949	0.767129460983482	0.958135379406495
MYC	0.134589564564239	0.292568665203004	0.769851867761266	0.959186468406055
ENO3	0.156267748365747	0.290962227952681	0.771080207989308	0.959186468406055
SETD2	-0.0536028194480802	-0.287955388377566	0.773380887810058	0.960112691707859
LATS2	0.103675914055168	0.285139193518871	0.775537503757038	0.960856706462033
ERRFI1	-0.168067535162155	-0.274297835217185	0.783855747985672	0.968824792111247
NF2	-0.0994312263897105	-0.272666963711464	0.785109231856764	0.968824792111247
CDK4	-0.190028405906225	-0.266511975612506	0.789844937622977	0.971600877467864
CANX	-0.120623745199613	-0.265650574911217	0.790508331424421	0.971600877467864
RXRA	-0.101285854617164	-0.263198896541068	0.792397281261797	0.971915621811749
KAT6B	0.0764608474011177	0.259497782530661	0.795251192724852	0.971915621811749
TRMT13	-0.121684359930921	-0.259188121567837	0.79549009564819	0.971915621811749
PTPRA	0.100258486644107	0.256281984682538	0.797733106981863	0.972729895272351
BMP2K	0.0961656834952717	0.254163573132559	0.799369191139698	0.972802348980658
XPOT	0.083745729573267	0.249542156713038	0.802941435689064	0.973273940242588
ERF	-0.105523482051063	-0.246710494319757	0.805132284282657	0.973273940242588
ZBTB7B	-0.0866161779381148	-0.244880598037526	0.806548884913803	0.973273940242588
MAP3K19	-0.0692968422048981	-0.240277409243263	0.810115206902303	0.973273940242588
NCAPH	0.10798279316973	0.23604590257205	0.813397051275033	0.973273940242588
TEX14	0.0641970769204199	0.235783785822366	0.81360045051598	0.973273940242588
GNB3	0.127153999477645	0.234973718715488	0.814229131617455	0.973273940242588
PNLDC1	-0.0924442371931985	-0.233890048365878	0.815070339216468	0.973273940242588
TMEM156	-0.137044918320256	-0.232796346461211	0.815919550095077	0.973273940242588
MCF2L2	-0.0693446945509308	-0.231998676719019	0.816539041592124	0.973273940242588
C20orf195	-0.132107289769503	-0.220849550386093	0.825209580382233	0.973273940242588
PPP3CA	-0.0931592612732992	-0.218126601664606	0.827330471263518	0.973273940242588
WDR5	-0.131691103322473	-0.215787446286578	0.829153434209468	0.973273940242588
TTK	0.0743537605978487	0.21563140056111	0.829275077442966	0.973273940242588
UHRF2	0.0957350174744516	0.211962783592668	0.832136068983158	0.973273940242588
C9orf131	-0.0770967773199472	-0.21157909673177	0.832435418525775	0.973273940242588
RAC1	-0.0803484207305275	-0.211101083553816	0.832808394730185	0.973273940242588
GRM8	-0.0475460715310299	-0.209895974541128	0.83374886410256	0.973273940242588
PTPN11	0.0805201498932375	0.203494546777475	0.838748507558307	0.973273940242588
GAS2L2	-0.0658361024181777	-0.202102979742045	0.839836218436932	0.973273940242588
U2AF1	-0.0981899074099382	-0.200385789437708	0.841178872486971	0.973273940242588
GOLIM4	-0.0883773319859143	-0.200328378180534	0.841223769782908	0.973273940242588
TCF7L2	-0.0726188166939721	-0.198030061503727	0.843021543778564	0.973273940242588
NFU1	0.117382794704007	0.197063592112794	0.843777774006177	0.973273940242588
USP40	0.0702218699331131	0.195842238593243	0.844733648554302	0.973273940242588
TUBB3	0.103548771806995	0.195432866820324	0.845054088646169	0.973273940242588
ATF7IP	0.0548467503621474	0.19392765733933	0.846232527353341	0.973273940242588
FLNB	0.0445438633181394	0.193043438472401	0.846924948875606	0.973273940242588
NRAP	-0.0489250531221963	-0.19262388387478	0.847253538587618	0.973273940242588
NUP188	-0.0576469657966828	-0.187525964492091	0.851248268048602	0.973273940242588
CD3EAP	-0.0994694382536022	-0.187181311036688	0.85151847749479	0.973273940242588
IRF6	0.0674233296518067	0.184711200650214	0.853455560502799	0.973273940242588
KIAA1549	0.0468452906745114	0.184688192004943	0.853473608264743	0.973273940242588
B2M	-0.067808320324634	-0.18046843615837	0.856784831835372	0.973273940242588
MSH3	0.0700705363957408	0.180244901702687	0.856960309180613	0.973273940242588
HIST1H4J	0.113345498894687	0.179947135669935	0.857194070223406	0.973273940242588
CPVL	-0.0848153628145716	-0.178765808034611	0.858121593990224	0.973273940242588
INPPL1	-0.0498522613892053	-0.172800784004301	0.862808020768513	0.976740758986189
TBC1D24	-0.146801504364552	-0.169266729968809	0.86558684398073	0.976740758986189
SLIT2	-0.0341664518099749	-0.168640313988407	0.866079568700837	0.976740758986189
CIC	0.0345978534167944	0.166821589202019	0.867510430995837	0.976740758986189
YY2	0.0900612563574848	0.163819339892466	0.86987336632953	0.977182902200479
SYTL2	-0.0419755005089877	-0.157662710370809	0.874722585724338	0.977182902200479
POLR2A	0.043916048549312	0.155828447416034	0.876168246734803	0.977182902200479
TAF1D	0.10493599554236	0.149988434893444	0.880773739658421	0.977182902200479
ZFHX3	-0.0297877642133663	-0.146642152873953	0.883414480137757	0.977182902200479
CUTC	0.0886323360315586	0.145428056983728	0.884372913863926	0.977182902200479
GALNT2	0.0622698293720034	0.145164213446148	0.884581220129594	0.977182902200479
DIAPH2	0.0468604180813932	0.142701478283537	0.886525949166716	0.977182902200479
FGF19	-0.0925396703589215	-0.142465118609873	0.886712629616857	0.977182902200479
KIF11	-0.0601553516557906	-0.141862244122832	0.887188817459554	0.977182902200479
ZBTB20	-0.0384892987796137	-0.141039737657598	0.887838549980133	0.977182902200479
CDKN2A	0.0334225881061835	0.141032999374998	0.887843873145413	0.977182902200479
RPP25L	0.123986232824585	0.134424022127996	0.893067287110162	0.977182902200479
RHOB	0.0691756717171011	0.132792684876643	0.894357339745933	0.977182902200479
MAGI1	-0.035069632169582	-0.130730574586167	0.895988444879308	0.977182902200479
PLEKHH2	0.0352910002348478	0.128334659632332	0.897884137455447	0.977182902200479
MTHFD1	-0.0579338973015313	-0.127260350685972	0.898734340665996	0.977182902200479
KDR	0.0265197447365542	0.122929788543665	0.902162696674812	0.977182902200479
TP53BP1	0.0290274990049811	0.122793300463011	0.902270779567393	0.977182902200479
TEAD2	-0.0568486677578818	-0.121609297853861	0.903208449525605	0.977182902200479
ACACB	0.0279290310493279	0.119540932289958	0.904846813234428	0.977182902200479
RNF6	-0.0544851707400487	-0.118391274814646	0.905757638847772	0.977182902200479
TP53BP2	0.0367582810469517	0.114641600145154	0.908729204919701	0.977182902200479
ATP6V1B1	-0.050761762833797	-0.114152063222452	0.909117251431613	0.977182902200479
ATP1B1	-0.0645264667138934	-0.113952317522419	0.909275592244307	0.977182902200479
CCDC6	-0.054166148841264	-0.11256624830424	0.910374444879183	0.977182902200479
ECSIT	0.0559926193698931	0.112200063026698	0.910664779198177	0.977182902200479
PHF6	0.0585488165325186	0.107110609022868	0.914701230805896	0.978215653888577
ADAMDEC1	-0.0338154084243977	-0.106963242352306	0.914818140762091	0.978215653888577
FUBP3	0.0497445175428128	0.104990249025685	0.916383546106317	0.978215653888577
CCND1	0.0538992128181696	0.102448454074094	0.918400725174344	0.978675729589931
HCFC2	0.0356802882732294	0.0977146858351694	0.922158853756083	0.980241719461908
EPG5	-0.024438235267213	-0.0965953956445723	0.923047713139981	0.980241719461908
DNAH12	0.0280246902900344	0.0906460720554608	0.927773822389532	0.983567780780655
CUL3	0.0355307130157472	0.0856637219713025	0.93173374175304	0.98607155859627
ILK	-0.0476118151717024	-0.0820561613926549	0.934602053651216	0.986658206410364
TNFAIP3	-0.0340250311975742	-0.0809442287121692	0.935486305915823	0.986658206410364
USP13	-0.0290146853824876	-0.0775595084260757	0.938178452907028	0.987570647817738
MVK	0.0401790623043573	0.0743917261559521	0.940698692133517	0.987570647817738
SLC4A11	0.0252487802147742	0.0729639818816627	0.941834779379108	0.987570647817738
BRCA2	-0.0142075016945492	-0.0718091041100448	0.942753827495377	0.987570647817738
BTG2	0.0395816901017755	0.0682375505522054	0.945596535602503	0.988525355032171
ADAM28	-0.0190823146802997	-0.0666384873073484	0.946869505387379	0.988525355032171
BRD7	-0.0212374585833788	-0.0624205148346654	0.95022795833862	0.990355828200892
NID2	0.0151636181862679	0.0581857080425464	0.953600704764337	0.990844010699135
CDKN1A	-0.0177492007078715	-0.0546041084192953	0.956453865598891	0.990844010699135
ARID5B	-0.0170054858652187	-0.0543465028168678	0.956659100382088	0.990844010699135
SRSF2	-0.0306723033563143	-0.053768025757552	0.957119984403055	0.990844010699135
CTSF	-0.0243777576711719	-0.0461547604040273	0.963186899987309	0.994095965720144
AXIN1	0.0156748752726802	0.044506695766788	0.964500514817398	0.994095965720144
SRPR	-0.0204549783161232	-0.0428052145136921	0.9658568072205	0.994095965720144
COL1A1	0.0105235273146163	0.0399385015574343	0.96814215577322	0.994095965720144
FAM13B	0.0168323503237809	0.0389742536971172	0.968910915586192	0.994095965720144
C17orf47	0.0129460529032798	0.0305909821084847	0.975595734020509	0.994095965720144
RAD50	0.0102423347011103	0.0290581254136389	0.976818232761928	0.994095965720144
SIGLEC8	0.00937883594050972	0.0289651689705302	0.976892370066336	0.994095965720144
FOXP1	0.00988253425022513	0.02797164112946	0.977684769393757	0.994095965720144
PBRM1	-0.00517564024386502	-0.0256801843176376	0.97951242926855	0.994095965720144
DDX52	-0.0105214045215059	-0.0238792726909321	0.980948907565163	0.994095965720144
MED25	0.00941236953551085	0.0224393200468477	0.982097515378024	0.994095965720144
C20orf85	0.0170255150255068	0.0197529724121218	0.984240433133488	0.994095965720144
FAHD2A	0.0107986742936315	0.0194117736942074	0.984512618129054	0.994095965720144
CHD4	-0.00397717729957286	-0.0187720689807364	0.985022935620495	0.994095965720144
NUP93	-0.00777335297208982	-0.0174970544555602	0.986040082691618	0.994095965720144
EIF1AX	-17.2276207405956	-0.0148900555668387	0.988119893552513	0.994166237806931
PDYN	0.00582147722758493	0.0128033679552515	0.989784669476428	0.994166237806931
DYNC1I1	-0.00329178331241998	-0.0107482257548311	0.991424321731134	0.994166237806931
MTFR2	-17.1185218756216	-0.00933112520012508	0.992554947308054	0.994166237806931
ATR	-5.65873474373572e-05	-0.000230058257617938	0.999816440069781	0.999816440069781
