Gene	WGD_Estimate	WGD_Zvalue	WGD_Pvalue	WGD_FDR
TP53	1.07945843356484	18.7856983922769	9.88767714704482e-79	6.22923660263824e-76
PTEN	-0.767238704412443	-7.01100299760196	2.36615664925573e-12	7.45339344515554e-10
PIK3CA	-0.478668989035229	-6.38423224530052	1.72259494241045e-10	3.61744937906195e-08
ARID1A	-0.576885249238415	-5.66053444123513	1.50902298336873e-08	2.37671119880575e-06
FGFR3	-1.03981058887853	-4.82617917353651	1.39177306948538e-06	0.000175363406755158
CTNNB1	-0.615828577191937	-4.43851884455505	9.05800549719519e-06	0.000951090577205495
PPP2R1A	0.845658353204878	4.36178594621753	1.29005051467938e-05	0.00116104546321144
KMT2B	-0.621418087938266	-4.24194828318559	2.21587760169382e-05	0.00174500361133388
CHD1	-0.896812379525648	-4.06326036878781	4.83919990339945e-05	0.00338743993237962
HRAS	-0.999219337688553	-3.88384460447892	0.000102817634197825	0.0060679096465031
AKT1	-1.14630761126068	-3.85928221096086	0.000113720552528793	0.0060679096465031
SMAD4	-0.624474998825618	-3.85531812535993	0.000115579231361964	0.0060679096465031
KMT2C	-0.340876958172305	-3.76335859949892	0.000167646535561195	0.00812440903104252
CTCF	-0.702948532048735	-3.6494427907232	0.000262809759331749	0.0118264391699287
RNF43	-0.677947621183105	-3.3357520347864	0.000850690043103408	0.0357289818103431
JAK1	-0.766842169964235	-3.29745668019687	0.000975647235641284	0.0384161099033756
CDH1	-0.444939838350699	-3.05858718012437	0.00222383363031436	0.0824126580645909
FAS	-1.37590400833776	-2.93328912103265	0.00335391407215626	0.107977212162643
BCOR	-0.462677747080121	-2.92906172752826	0.00339986897330119	0.107977212162643
HLA-A	-0.853687547588501	-2.9005000328743	0.00372567799129344	0.107977212162643
EIF1AX	-1.79961054069466	-2.88112398097782	0.00396259735341501	0.107977212162643
BRAF	-0.370914756697155	-2.87732274787433	0.00401065158698681	0.107977212162643
C1orf168	-0.641235486049377	-2.87408941769126	0.0040519422739909	0.107977212162643
TGFBR2	-0.609860865325413	-2.86933048107171	0.00411341760619593	0.107977212162643
MAP2K4	-0.598983629086835	-2.81185468540349	0.00492567507641758	0.124127011925723
CHD8	-0.441357682396974	-2.78414092440743	0.00536697099280565	0.130045835594906
CREBBP	-0.349935626606793	-2.75405499976011	0.00588618755437225	0.137344376268686
ZEB2	0.424042041283238	2.73458315767875	0.00624593164770213	0.138435152039973
RBM10	-0.565072555945785	-2.72797665528661	0.0063724117605702	0.138435152039973
KANSL1	-0.499947703693371	-2.67650748857261	0.00743939032516985	0.149644891832117
BTBD11	-0.540226791343365	-2.67366374487626	0.00750276382937136	0.149644891832117
MPP7	-0.628404131391055	-2.66228409125014	0.00776123431569388	0.149644891832117
MAP3K1	-0.426896060917836	-2.65894645508642	0.00783854195311091	0.149644891832117
RHOA	-0.63983399430333	-2.64676760098545	0.00812651797272584	0.15057959772992
FOXA2	0.691230321475333	2.56941054500427	0.0101871689452979	0.183369041015362
BCORL1	-0.415418405768164	-2.55951882863534	0.0104817177684259	0.183430060947454
MAP7D3	-0.659112956266595	-2.52356111673008	0.0116172864748822	0.195974201229654
PIK3R1	-0.38274010169984	-2.51745323332198	0.0118206661059157	0.195974201229654
CCAR1	-0.588273125443893	-2.50827964718916	0.0121320610334365	0.195979447463206
NF1	-0.265215571383447	-2.4870905445839	0.0128792615078903	0.201161616351637
ADNP2	-0.577479729130307	-2.46964564080906	0.0135246952034973	0.201161616351637
ZMYM2	-0.565513697914501	-2.46468235604055	0.0137134762431957	0.201161616351637
RPL22	-0.813678772279202	-2.46424875285958	0.0137300785763816	0.201161616351637
SPTA1	0.217019161528599	2.44006260512565	0.014684716786565	0.208457350775299
LZTR1	-0.539578637635873	-2.43219786918008	0.0150075062648517	0.208457350775299
SYNE1	0.19226345541267	2.42339916881018	0.0153760210798881	0.208457350775299
KMT2D	-0.220504087468111	-2.41927261812386	0.0155515801372048	0.208457350775299
CIC	-0.354950483603442	-2.40641816084568	0.0161098130645455	0.21144129647216
SPTAN1	-0.373749478699835	-2.3810835607603	0.0172617958271163	0.221937374920067
FAT1	-0.241779631891916	-2.30780772906462	0.0210098328561507	0.257524889526599
HLA-B	-0.571743392364455	-2.29658282560287	0.0216425793049966	0.257524889526599
CASP8	-0.411792174563807	-2.2919759684163	0.0219070299422396	0.257524889526599
IRF2	-0.635672826895838	-2.27803940001433	0.0227242302463559	0.257524889526599
STAT4	0.469327825811445	2.27335433002506	0.0230048359494284	0.257524889526599
CNBD1	0.440242225071286	2.26493014170486	0.0235169667596785	0.257524889526599
DOCK8	-0.412910406426933	-2.26199643207966	0.0236976237379149	0.257524889526599
MBD6	-0.531977686743151	-2.26109844016794	0.0237531619585571	0.257524889526599
RDH5	-1.28931552979205	-2.25114507633138	0.0243763502357184	0.257524889526599
RAC1	-0.63714232610784	-2.24906246424002	0.0245085222339184	0.257524889526599
FGFR2	-0.412678847809276	-2.24878497187417	0.0245261799549141	0.257524889526599
DNMT3A	-0.452963428236167	-2.2246808558499	0.0261026703388737	0.266243235850937
MTOR	-0.334515403127812	-2.2149420967502	0.026764039160237	0.266243235850937
ZFHX3	-0.294140911260816	-2.21352838835235	0.0268612382860639	0.266243235850937
CBFB	-0.781387219122989	-2.21083981096021	0.0270469318959682	0.266243235850937
XPO4	-0.559867319169882	-2.19082058662023	0.0284647782611539	0.270785288851028
MAX	-0.890156662590661	-2.18730448363458	0.0287203036459964	0.270785288851028
KLHL6	-0.519486688466329	-2.18624342811693	0.0287978005603474	0.270785288851028
CD79A	-1.08467483463559	-2.17952381171538	0.0292927777254722	0.27138897010364
GATA3	-0.324650603194925	-2.16467152883357	0.0304128489292947	0.277682533702256
PIK3CB	0.466248176332333	2.15318650773737	0.0313040236177015	0.280400517961345
DOCK2	0.272658781998991	2.14942540605798	0.0316006932940563	0.280400517961345
PRRG1	-0.958626839253346	-2.13927007990085	0.0324138014055469	0.283620762298536
HSPA4L	-0.620521980372168	-2.095944159074	0.0360871448004741	0.308380373185059
KRAS	-0.219309212923173	-2.09442141739021	0.0362224565328482	0.308380373185059
ADAM30	-0.466426876445128	-2.07371717182452	0.0381055854811429	0.311322633152769
EPHA2	-0.382824295166172	-2.07000201956224	0.0384521553329778	0.311322633152769
UBR4	-0.264429669435105	-2.06868593400526	0.0385755680004293	0.311322633152769
RASA1	-0.382317253527831	-2.0683087045395	0.0386110037700638	0.311322633152769
RUNX1	-0.477678951348315	-2.06377694603796	0.0390388698715377	0.311322633152769
SMC1A	-0.454201334470303	-2.04738233918689	0.0406205590329552	0.319886902384522
CPED1	0.343455251623815	2.01153160727516	0.0442693352373443	0.340979537584797
KDM6A	-0.29287943031862	-2.01047004401145	0.0443814636221481	0.340979537584797
NSD1	-0.286144222725234	-1.99336091117589	0.0462219409318573	0.346704806486407
ABL1	-0.452902509398535	-1.98918398885988	0.0466808985102814	0.346704806486407
CD79B	1.12535506632942	1.98830803563016	0.0467776326211818	0.346704806486407
COL11A1	0.203129990425676	1.98186165812805	0.0474947262661186	0.347926483112264
CLMN	-0.441826935457582	-1.97102385397746	0.0487211474153534	0.3528083088698
RFX7	-0.442305355093336	-1.96227759608331	0.0497301741026806	0.35542086081218
KLKB1	-0.48629085640474	-1.95816846122082	0.050210248590927	0.35542086081218
ELMSAN1	-0.500884996544358	-1.94467099169184	0.0518145890027729	0.362702123019411
COL7A1	-0.256105544565092	-1.93602679118078	0.0528644197735229	0.365152510836849
EEF1A1	-0.472551047665693	-1.92897828825051	0.0537335576710513	0.365152510836849
HUWE1	-0.224950001329403	-1.92761151202217	0.0539034658854397	0.365152510836849
CPEB2	-0.613705113367669	-1.91420441499857	0.0555940418637933	0.369484129495939
CUBN	0.203517696639765	1.91325152029579	0.0557158607970067	0.369484129495939
GPS2	-0.633127225025132	-1.90469945387751	0.056819150041421	0.372875672146825
SLC3A2	0.609895136794614	1.88890128054737	0.0589050578647276	0.382579241801839
METTL14	-0.657015294121796	-1.87259513252921	0.061124313995456	0.390508160328481
H2AFY2	-0.721057772496433	-1.87085221392904	0.0613655680516185	0.390508160328481
UBR5	-0.266552948457473	-1.86378212920724	0.0623523063535891	0.392819530027611
CLCN2	0.432246790034068	1.85073825913124	0.0642072171277222	0.399366536457507
PAX6	0.507744319282624	1.84760611811044	0.0646593439978821	0.399366536457507
TG	0.215887743664022	1.81817014206223	0.0690381320200356	0.422272069637111
SLX4	-0.321837115981582	-1.80868052076316	0.0705006509220824	0.427071250777999
WRN	0.361418564176155	1.80300489666283	0.0713874456633965	0.428324673980379
TMEM63A	-0.549705772395745	-1.77571282682008	0.075780262140385	0.44938785679632
NIPBL	-0.244505125968386	-1.77242156757482	0.0763246042495337	0.44938785679632
WDR47	-0.461859440000872	-1.76412468792638	0.077710988803835	0.453314101355704
SMARCA4	-0.240516468114209	-1.75224333855088	0.079731974431022	0.457948387353707
DDX17	-0.500399350188879	-1.74397390770453	0.0811636397296879	0.457948387353707
DICER1	0.313968274419047	1.73646822992849	0.0824810771418294	0.457948387353707
ASXL1	-0.296546764091857	-1.73585151808197	0.082590092090497	0.457948387353707
PTCH1	-0.322766377704683	-1.73521380567815	0.0827029420647621	0.457948387353707
MAP3K4	-0.314216833941389	-1.73428881504573	0.0828668510449565	0.457948387353707
BRSK1	-0.430299364602272	-1.71742134296907	0.0859022147776238	0.467149698086926
MYH9	-0.263443052038298	-1.7168046829139	0.0860148650445768	0.467149698086926
HPS3	-0.419825014951897	-1.70855987236007	0.0875325070372081	0.471328884046505
ARHGEF40	-0.376613764135665	-1.69788874805558	0.0895287613315852	0.474462511374372
CDH11	0.27024452579291	1.69740193711417	0.089620696592937	0.474462511374372
CYSLTR2	0.523479424228913	1.6678107389687	0.0953533033886087	0.500604842790196
SCAF4	-0.312966146712647	-1.66051355695387	0.0968111829052122	0.504058225043667
IGLL5	0.646519085110061	1.64320363706967	0.100340807636993	0.517570176015862
NID2	-0.268035206986518	-1.6326868190102	0.102534881030978	0.517570176015862
ME3	-0.415236013204719	-1.63019736253017	0.103059791185223	0.517570176015862
ERBB3	-0.25925052446219	-1.62493323657144	0.104176785322242	0.517570176015862
CDKN1A	-0.420273894182339	-1.62443627425521	0.104282730586703	0.517570176015862
AHR	-0.394374995511722	-1.61603055844234	0.106087706411849	0.517570176015862
TSC1	-0.332048251333282	-1.61337625344372	0.106662789023686	0.517570176015862
B2M	-0.405392754119642	-1.61085982519399	0.107210278147747	0.517570176015862
FOXA1	-0.37756484934914	-1.60454879124068	0.108593138714978	0.517570176015862
VEPH1	0.366030708233382	1.60419499059478	0.108671078588776	0.517570176015862
SF3B1	-0.281243917664553	-1.60170811172878	0.109220170558556	0.517570176015862
ALYREF	0.72109475891739	1.6015063489591	0.109264814936682	0.517570176015862
NLK	-0.495037078608953	-1.59698913007855	0.110268130238211	0.518424791418452
SLC9C1	-0.285348395027281	-1.59114958533076	0.111575915567232	0.520687605980415
TTPA	0.515181877643765	1.58618876525048	0.112696495559505	0.522049942665355
STAG2	-0.260763918620231	-1.57915238813306	0.114301107744821	0.523326607589783
AP1S1	-0.851323489077297	-1.57504570212438	0.115245895827946	0.523326607589783
PLXNB2	-0.248084574736642	-1.57067260982059	0.116258714531481	0.523326607589783
SOX17	-0.465201162672873	-1.57051734803466	0.116294801686618	0.523326607589783
NCOR2	-0.235894048701707	-1.55734369533554	0.119388906386936	0.533439794494819
C1orf222	0.845743624479807	1.5490531448447	0.121368945101681	0.538467855028587
TAF1D	0.678093460645506	1.54379568437618	0.122637837159528	0.540292569304215
RAB3GAP1	0.349836450050665	1.52574036163902	0.127074538444709	0.555951105695603
STAT3	-0.376260607675547	-1.51804923174081	0.129001988103587	0.558497434185612
FAM133A	-0.50513641997657	-1.51635518656881	0.129429564112856	0.558497434185612
TBC1D24	-0.923232721547393	-1.4984497191866	0.134016446944007	0.574234449903838
GTF2I	-0.39516545621487	-1.49505717335088	0.134899521564711	0.574234449903838
IDH1	0.23833155221283	1.49036095529837	0.136129353000266	0.575580485840053
CHD3	0.269750280379918	1.47162140634529	0.141123141683748	0.591216974313265
FBXW7	-0.185100394023012	-1.46947356819574	0.14170438590683	0.591216974313265
TCEB1	0.824025960799797	1.46273477261591	0.143539967387759	0.594935391146632
TNFAIP3	-0.387190206618931	-1.45749035174483	0.144981072729759	0.596980887710774
AMER1	-0.230196259442851	-1.45000558825335	0.147056960878951	0.59828080006255
ABCC3	-0.276525747329382	-1.44950691774386	0.147196069856659	0.59828080006255
CDK4	-0.558562186417073	-1.43511573136881	0.151254121439334	0.607052757473755
LCP2	0.368212101526	1.431238481002	0.152361878420034	0.607052757473755
MEN1	-0.382382153052426	-1.42741890241053	0.153459185563532	0.607052757473755
PTPN11	-0.391880274038691	-1.42265404131507	0.15483646968898	0.607052757473755
XIRP2	0.132203966529239	1.42162159285499	0.155136132869813	0.607052757473755
ZBTB7B	-0.343391829301994	-1.41959523474127	0.155725553526728	0.607052757473755
XYLT2	-0.417925613387262	-1.41410690864274	0.157330514982281	0.607052757473755
ZCRB1	-0.65058038340702	-1.40573500526251	0.159802828214344	0.607052757473755
DNAH7	-0.146732701444864	-1.40503909671668	0.160009652699854	0.607052757473755
BRCA1	-0.23381905687787	-1.4023144016643	0.160821381693549	0.607052757473755
GPR160	-0.644948666926283	-1.39895920234292	0.161825217583642	0.607052757473755
ARIH2OS	-0.725246956708146	-1.39536289981488	0.162906433116035	0.607052757473755
CTAGE1	0.279000648717371	1.39371931788008	0.16340238035463	0.607052757473755
STAMBPL1	-0.522075984230927	-1.39000315381867	0.16452791966381	0.607052757473755
IPO11	-0.390373030573583	-1.38966935464358	0.164629304728051	0.607052757473755
SUGP2	-0.350416458736914	-1.38712365734739	0.16540405933815	0.607052757473755
IDE	0.369365294609305	1.3845846237155	0.166179515826329	0.607052757473755
EP300	-0.187119805272075	-1.38288994342222	0.166698614353904	0.607052757473755
AMPD1	-0.264461582005567	-1.3744128861014	0.169313537893573	0.609329739160506
FLNB	0.214365650561361	1.37366454355256	0.169545849197454	0.609329739160506
GRM8	0.188592114610911	1.37125070917066	0.170296815428756	0.609329739160506
MKI67	-0.179286563381047	-1.36838166283774	0.171192641002237	0.609329739160506
IGSF9	0.285856494731497	1.3624387332123	0.173059466940707	0.611511829312668
ASXL2	-0.235979198702011	-1.35894947325559	0.174162600174263	0.611511829312668
CNTLN	-0.241729473508966	-1.35658047764518	0.174914548293767	0.611511829312668
RRAS2	-0.68696498008997	-1.35346230461956	0.175907984691387	0.611511829312668
NES	0.224256046034041	1.35111382685846	0.176658972912549	0.611511829312668
FRYL	0.210932032472874	1.34429422262672	0.178853263061485	0.615724348244455
RBM26	0.319943040446775	1.33543994320611	0.181732399028358	0.61907072170171
GIGYF2	-0.277287630722225	-1.33399673309771	0.182204927190474	0.61907072170171
C12orf65	0.81879116225407	1.33226458372168	0.182773260692886	0.61907072170171
CDKN2A	0.15543111670563	1.31915092346868	0.187118661523029	0.630399768767423
CUL1	-0.282709486209749	-1.3103602889948	0.190073980918858	0.636950042440854
GNAQ	-0.438947671924422	-1.30583047485309	0.191610214050408	0.638700713501359
PZP	0.201098413773324	1.28048985107994	0.200372911807207	0.662252195583689
ATP6V1B1	-0.365370290014433	-1.27933802830136	0.200778046597595	0.662252195583689
FAHD2B	-0.474419941955789	-1.26915153218445	0.204387023757405	0.67005219994071
OR10A4	0.338459750007273	1.26521367464714	0.20579474177586	0.67005219994071
MTFR2	-0.650121135315809	-1.2621869091917	0.206881538086858	0.67005219994071
PPP2R5A	0.45465066687494	1.25973084026488	0.207766476017178	0.67005219994071
NOTCH1	-0.159952068884545	-1.25498355924873	0.20948472831013	0.67005219994071
ZNF124	-0.539584494467966	-1.23711181694938	0.216045573300875	0.67005219994071
STAG1	-0.2307334391141	-1.23572359341754	0.216561324508303	0.67005219994071
C3orf70	0.420182383364094	1.23537516689733	0.216690910524281	0.67005219994071
CR2	-0.199287331760043	-1.23367038641444	0.217325753128098	0.67005219994071
ALB	-0.243964761343189	-1.23187111390233	0.217997233347697	0.67005219994071
ADAM28	-0.249908954291519	-1.23115139830276	0.218266245029363	0.67005219994071
SETDB1	0.242041310579568	1.22731530626351	0.219704104880781	0.67005219994071
CNGA3	0.240863260571284	1.22570638482851	0.220309186642338	0.67005219994071
CCND1	-0.451111225626153	-1.22272324450041	0.221434244454678	0.67005219994071
C3	-0.182666857264122	-1.22270534449762	0.22144100764279	0.67005219994071
DIAPH2	0.232527809465126	1.22116935424593	0.222021904851612	0.67005219994071
ATM	-0.141579935047296	-1.21280269390297	0.225205265227063	0.67005219994071
USP9X	-0.184602291213467	-1.21149973854187	0.225703934807533	0.67005219994071
ECSIT	-0.438157131723139	-1.21094206918814	0.225917607815253	0.67005219994071
NFE2L2	-0.181322429355939	-1.20990220018202	0.226316422884877	0.67005219994071
SKIV2L	-0.294583397975316	-1.2095381194884	0.226456175349273	0.67005219994071
MSH3	-0.323137258508293	-1.20931602116208	0.226541458075192	0.67005219994071
BRWD3	0.170111415519765	1.19582988579808	0.231762950791204	0.676182293194458
GPSM2	-0.369800805901461	-1.1948377860918	0.232150413956845	0.676182293194458
ATP10D	0.192360968939842	1.19347802323259	0.232682214087683	0.676182293194458
CD4	-0.380820007581065	-1.19030899047513	0.233924968448533	0.676182293194458
SLC27A5	-0.318100812272502	-1.19016756283132	0.233980539549828	0.676182293194458
NRAS	-0.187609958658545	-1.18103899023639	0.237587234516346	0.682038388635442
BAP1	0.210751088445364	1.17956785104527	0.238172135713964	0.682038388635442
CDC25C	-0.381426070283355	-1.16784069731036	0.242871028644255	0.689078730907209
FN1	-0.16843325918158	-1.1665054466172	0.243410147750404	0.689078730907209
INSM2	-0.455880398859512	-1.1652643738972	0.243911995225885	0.689078730907209
KDM5C	-0.236836899400631	-1.16243971372709	0.245056899510032	0.689222529871965
RIPK4	-0.252801222287062	-1.14639359488478	0.251632331738498	0.690054496488719
ZNF750	-0.26118459871826	-1.14284726326484	0.253102011561046	0.690054496488719
BAZ2B	0.176476091224915	1.14171452361252	0.25357270183836	0.690054496488719
RHOB	0.391939323367369	1.14149167065909	0.253665376211466	0.690054496488719
KLF3	-0.364501171958507	-1.13832326492548	0.254985522814386	0.690054496488719
CTSF	0.378248859651629	1.13784236948483	0.25518630933721	0.690054496488719
KIT	0.199456240997452	1.1358591315321	0.256015524775325	0.690054496488719
ITGA1	0.250653717643362	1.13109706162787	0.258014240918994	0.690054496488719
C5orf42	-0.176123884245643	-1.12989537612179	0.258520312565072	0.690054496488719
EPAS1	0.252684640000584	1.12904818819963	0.258877506168123	0.690054496488719
CHL1	0.168525051543429	1.12854378280536	0.25909033723979	0.690054496488719
GNA11	-0.386239836457522	-1.12808449667849	0.259284235896936	0.690054496488719
KLF5	-0.296866594506152	-1.12735615313876	0.25959192963147	0.690054496488719
WDR5	-0.515674168394065	-1.11633353035881	0.264279394089067	0.697831609489039
CDKN1B	-0.377905001851009	-1.11527418585377	0.26473294391727	0.697831609489039
SUCLA2	-0.411976395268028	-1.1114084892804	0.266392559869128	0.698982274776157
ZFX	-0.290146552110413	-1.09932113423105	0.27162801710787	0.698982274776157
ARID4B	0.224658940857199	1.09912209999599	0.271714811447802	0.698982274776157
SMTN	0.25015545157773	1.09802524408976	0.272193466262545	0.698982274776157
PBRM1	-0.167135050017381	-1.09681962863995	0.272720247903997	0.698982274776157
RANBP2	0.148843516412911	1.09431315013719	0.273817659842066	0.698982274776157
KCNB1	-0.207273119746626	-1.09392329913074	0.273988619213658	0.698982274776157
GRIK4	-0.216344185456449	-1.09294410652878	0.274418341167456	0.698982274776157
ARID2	-0.147112351091186	-1.09126810655714	0.275154927213471	0.698982274776157
CYP11B2	0.221330723095081	1.08122446254398	0.279597278948159	0.703140728707649
LARP1	-0.256242774546833	-1.0802768620276	0.280018910011365	0.703140728707649
MYD88	-0.459387547437078	-1.07349280984183	0.283050062994317	0.703140728707649
MYO9A	-0.17066898956058	-1.06971672660961	0.284746835017787	0.703140728707649
APC	0.122063010224959	1.0668672737223	0.286031774732747	0.703140728707649
KIDINS220	-0.194446136319566	-1.0667461655334	0.286086474236005	0.703140728707649
FBXO7	-0.345264571115696	-1.06637612835072	0.286253648339021	0.703140728707649
AGPAT9	0.36549136463361	1.06627317437102	0.286300172259798	0.703140728707649
ZZZ3	0.257198890996838	1.06508653173049	0.28683677345693	0.703140728707649
AKAP13	-0.160924934449484	-1.06201612734251	0.28822836384753	0.703813446604433
DSG3	0.176058704654941	1.0434324975685	0.296748029002971	0.721819530007227
IKBKE	-0.264198224198984	-1.03908924558276	0.298763232104678	0.72283539906809
HIST1H1E	0.269480414771608	1.03697784697471	0.299746181554522	0.72283539906809
KIAA1024	0.206305202144445	1.03482092390914	0.300752549335763	0.72283539906809
ZKSCAN1	-0.339071315374405	-1.03085928660889	0.302606811290775	0.72283539906809
UBE2A	0.441257401313176	1.03016098115588	0.302934442855709	0.72283539906809
H3F3A	0.441594929243503	1.02778747182311	0.304049810719117	0.72283539906809
ATRX	0.109487667147638	1.01880499065404	0.308295555956983	0.729919983372342
MXRA5	0.116073875323305	1.01513747606257	0.310040299593019	0.729919983372342
NPM1	0.445785656460349	1.01148360336788	0.311785024949926	0.729919983372342
SOX9	-0.211272890909546	-1.01074397831446	0.312138982316359	0.729919983372342
PDYN	0.223774166093388	1.00931654048039	0.312822850016718	0.729919983372342
TREX2	0.480620629905333	1.00282315439017	0.315946194989158	0.732328917923358
TSC22D1	-0.267817583503086	-1.00233856166749	0.316180104246275	0.732328917923358
SAFB	-0.254792565847881	-0.989400093788529	0.322467428673865	0.73935510287151
PHF20L1	-0.210841886908068	-0.988575669689261	0.322870795026539	0.73935510287151
ERCC2	-0.245846657494381	-0.988528024196843	0.322894116610876	0.73935510287151
MUC17	0.0920746587866397	0.986458949577989	0.323907949829423	0.73935510287151
PPP6C	0.286871003165218	0.980928166691865	0.326628166333452	0.742872724873917
PSME4	-0.183341347413219	-0.975394146738329	0.329364785985035	0.744698655814782
NUP210L	-0.160316930904184	-0.974526638846591	0.329795119003689	0.744698655814782
CRIP3	-0.420234846660965	-0.970499406357882	0.331797620673525	0.746544646515432
MTA1	-0.28567460205365	-0.966603683805447	0.333742192340671	0.748247619838515
CENPC	-0.28737975519866	-0.95712794595757	0.338502679777023	0.756229390991221
EIF2S3	0.353704465690624	0.95310861906416	0.340535039556061	0.758081536820914
EIF4G3	0.173874746063135	0.94691162548392	0.343683813469367	0.76239719185106
PPP1R36	-0.285275253994114	-0.942883056737656	0.345740722211892	0.764268964889445
LAMA3	0.127452404767901	0.940104586059657	0.347163916670087	0.764357602078452
TMEM156	0.359653030097397	0.938072112885337	0.348207352057961	0.764357602078452
ZNF626	0.215863327133335	0.935299658711951	0.349633891149168	0.764824136888806
PPM1D	0.283723447557274	0.930062364736998	0.352338795392495	0.768074190648
TAF1	-0.144788077947601	-0.919633077112781	0.357764535439567	0.776986441180184
NUP93	0.260463759060328	0.917475096052104	0.358893737116561	0.776986441180184
NOVA1	0.183233034426806	0.90861533922921	0.36355320678298	0.782486422165985
LMAN1	-0.283845037101111	-0.907924166835818	0.36391828840418	0.782486422165985
RPS6KA3	-0.23736884278225	-0.888662911831287	0.374184269131558	0.801823433853339
ADAMTS2	0.142980228688244	0.885236099233729	0.376029306235052	0.803045637044348
ACVR2A	-0.192448267278131	-0.88208617061224	0.377730210191467	0.803952812231838
TECTB	0.290419710282392	0.873082343890238	0.38261819681355	0.808517342439125
MAP2K1	0.218328052352793	0.868241336173633	0.385262229531224	0.808517342439125
PIKFYVE	-0.147647143330648	-0.86582314009528	0.386587157342529	0.808517342439125
IFT122	-0.185665775392724	-0.861272165454228	0.389088162140852	0.808517342439125
XPOT	0.196916995491139	0.860427096846184	0.389553654374617	0.808517342439125
ERF	-0.267437124094843	-0.857661819594106	0.391079228439497	0.808517342439125
NAA35	-0.301770952699043	-0.855917862684516	0.392043213786294	0.808517342439125
KIF20B	0.169422584501021	0.855353111389136	0.392355693030843	0.808517342439125
QKI	-0.268106542976111	-0.850009158524883	0.395319994402211	0.808517342439125
UTP20	-0.135691322456881	-0.849290075734443	0.395719901755363	0.808517342439125
SALL4	0.150207756292316	0.848941682770974	0.395913743253618	0.808517342439125
PARP14	0.158566074426479	0.846263945782087	0.397405516228395	0.808517342439125
SLC16A4	-0.299902913636574	-0.843683362520526	0.398846367030117	0.808517342439125
AXIN1	0.179027418179001	0.84114461115626	0.400266925777176	0.808517342439125
VPRBP	-0.219499253860815	-0.839508088585527	0.401184252141516	0.808517342439125
FHOD3	-0.145369715685978	-0.837452209802766	0.402338429103362	0.808517342439125
NCAPH	-0.23882537888615	-0.836213891142276	0.403034585031952	0.808517342439125
SLC35B2	-0.292107761170445	-0.836212426146194	0.403035409048219	0.808517342439125
C17orf47	-0.238755744053454	-0.830143888027964	0.406457435811003	0.808517342439125
AFG3L2	-0.312367069186802	-0.829722846055503	0.406695501460525	0.808517342439125
CREB3L4	-0.29215019405902	-0.8226118331016	0.410728767359731	0.808517342439125
NCOR1	-0.114929718149583	-0.82190794206383	0.411129292504343	0.808517342439125
ICAM3	-0.354047520252942	-0.818938280640816	0.412821627845539	0.808517342439125
FAM13B	-0.255115962713363	-0.817410925081416	0.413693634365833	0.808517342439125
DYRK1A	0.181222192273377	0.816556374349843	0.414181994623282	0.808517342439125
RNF111	0.189241765815142	0.815008168865102	0.415067634177399	0.808517342439125
PKD2L2	-0.223245540880322	-0.814700934212894	0.41524351849121	0.808517342439125
SMAP1	-0.306932244550992	-0.813713813356798	0.415808918968693	0.808517342439125
ASAP2	0.179773867004582	0.810510019751937	0.417647108668308	0.809592856803181
ATR	-0.120775914459701	-0.803561109520597	0.421650491015195	0.809932749721907
TSC2	0.142128592209427	0.802368031621012	0.422340099685816	0.809932749721907
AJUBA	-0.225390182695055	-0.801576734249988	0.422797840276062	0.809932749721907
C20orf85	-0.396908618309444	-0.799155271019321	0.424200384217445	0.809932749721907
FLT3	-0.151307007842677	-0.799068854669142	0.42425048794957	0.809932749721907
GOLGA4	0.153853472935559	0.794371795593022	0.426979018645652	0.812679098932813
FGF19	-0.390577470499211	-0.791404344598071	0.428708075516872	0.813512311974786
BCL2L11	-0.27952714615063	-0.786233646377165	0.431730617684054	0.816787655077939
ABCA6	0.13433677807613	0.780117967174964	0.435321441700232	0.821115294224988
TCF19	-0.396829207203288	-0.77073343421947	0.440864950066297	0.823432805287521
FOXN3	-0.246843418677121	-0.76615978612408	0.443581232928501	0.823432805287521
DDX26B	0.175166245603249	0.764643679919128	0.444483751548001	0.823432805287521
CHD4	0.104744625860706	0.763860060226672	0.444950640758433	0.823432805287521
GOLIM4	-0.201583682976289	-0.763571080108774	0.44512288884466	0.823432805287521
CSDE1	-0.185900812603004	-0.758584771564102	0.448100985148757	0.823432805287521
BTBD10	-0.248759902958658	-0.754543365511672	0.450523016103375	0.823432805287521
AMH	0.472778096057218	0.752840339507394	0.451545862741769	0.823432805287521
CHST4	-0.239621451413602	-0.752342128386636	0.45184533919213	0.823432805287521
BMP2K	-0.196790284825518	-0.750974378512642	0.452668075535788	0.823432805287521
BPIFC	-0.188946938087122	-0.750320076670106	0.453061953760558	0.823432805287521
HCFC2	-0.189032554868831	-0.749648680459128	0.45346632355665	0.823432805287521
TCF20	-0.135476793870389	-0.748142467470176	0.454374228913639	0.823432805287521
LTBP4	-0.145276344271886	-0.745748899285976	0.455819114055131	0.823432805287521
GDI2	0.286763045211023	0.745192041369022	0.456155633405309	0.823432805287521
PCBP1	0.225703770175445	0.742252721415825	0.457934231100904	0.824281615981627
CD93	0.143037588050966	0.739712729930634	0.459474322177	0.824697501343334
U2AF1	-0.220868527765901	-0.726890904214502	0.467292789620621	0.834271306881743
NRIP1	-0.161173124207555	-0.720086063737438	0.471472007540208	0.834271306881743
MPP6	-0.195015478604386	-0.719273235657127	0.471972583251608	0.834271306881743
TTBK2	-0.168151820432434	-0.717866254313888	0.472839756832451	0.834271306881743
GATA2	-0.215958552946492	-0.712405455079075	0.476213738511254	0.834271306881743
MLLT1	-0.266084964411602	-0.71232568844334	0.47626312029528	0.834271306881743
CUTC	0.292123886880941	0.710530409640745	0.477375280192783	0.834271306881743
NF2	-0.165785600450206	-0.708959370679825	0.478349690163708	0.834271306881743
WNK4	-0.153660098052146	-0.707656577566897	0.479158548915724	0.834271306881743
CEP152	0.13809485279041	0.70206330972025	0.482639682299282	0.834271306881743
GRIA3	0.125731808756669	0.701596955086572	0.482930551078968	0.834271306881743
SRPR	-0.204926510951208	-0.700319461738399	0.483727820386254	0.834271306881743
EPG5	-0.113520600165134	-0.698203890825584	0.485049693580645	0.834271306881743
TBCK	-0.187179876547354	-0.698184647159748	0.485061726581997	0.834271306881743
HIST1H3B	-0.168565655228991	-0.696721977383997	0.485976802194547	0.834271306881743
ATXN2L	0.153030534344679	0.696691080035586	0.485996142262857	0.834271306881743
TRIM9	0.154316676665905	0.685604718374251	0.492962405338744	0.843930204791871
CCNT1	-0.184508048113135	-0.677372490053831	0.498169648177463	0.847218188895625
ENO3	-0.268075168536269	-0.677246105529183	0.498249819329285	0.847218188895625
IL6ST	0.159737893928548	0.67432031949754	0.500107688366022	0.847218188895625
SELP	0.119792666674192	0.674077302825303	0.500262168681226	0.847218188895625
EGFR	-0.0872992606714395	-0.65838596704194	0.510290150280038	0.859508197191781
DNAH12	-0.149462670521662	-0.657954090197589	0.510567632043769	0.859508197191781
WDR17	0.10258638569229	0.65440401058125	0.51285155122318	0.859508197191781
ZNF43	0.129316060967376	0.651292392754137	0.514857758116043	0.859508197191781
TXLNB	0.152067097372282	0.649739425706238	0.515860552453847	0.859508197191781
SLC16A7	-0.198843535687794	-0.649161472663359	0.516234011489284	0.859508197191781
USP26	-0.122520558752903	-0.647869719654877	0.51706921704077	0.859508197191781
TRMT1	0.186761013298007	0.643201327868164	0.520093471806474	0.862248080461449
ZFP37	0.152691264679761	0.641089373900529	0.521464617663556	0.862248080461449
ERBB2	-0.103990009608485	-0.638999220072936	0.522823439263926	0.862248080461449
CARD10	0.166535777355477	0.633918386559817	0.526134085569483	0.865442490623431
LARP4B	-0.131863182302324	-0.630951709907878	0.528072099566965	0.866368288352053
TEAD2	-0.190455576278268	-0.625331600431958	0.531753444014611	0.868480779564299
ZFP36L2	-0.140133514193824	-0.623383178301533	0.533032749520485	0.868480779564299
POLQ	0.0858301701480837	0.622679227220654	0.53349533601807	0.868480779564299
REV3L	-0.0907658845794118	-0.619337310214364	0.535694170244582	0.869076019900385
SETD2	-0.0836066511177213	-0.615954783395413	0.53792436305252	0.869076019900385
PPP3CA	-0.171058927188928	-0.615841035803404	0.537999440890714	0.869076019900385
C9orf131	-0.142286874326757	-0.611815045322211	0.540660134269795	0.869973912349821
BRWD1	-0.103421543357421	-0.609252642278582	0.542356992083111	0.869973912349821
SPAG17	0.078757504042572	0.607373623202604	0.543602989059271	0.869973912349821
TGIF1	-0.214639567217202	-0.598229602428712	0.549686741817592	0.869973912349821
RPP25L	-0.440480851132676	-0.597126498660088	0.550422927359599	0.869973912349821
PIK3R2	-0.165689384138046	-0.595465370364599	0.551532440403704	0.869973912349821
POLR2B	0.126502007932677	0.593415152592303	0.552903350659863	0.869973912349821
DHX9	0.119138792952112	0.592678423127759	0.553396384165555	0.869973912349821
TMEM255B	-0.183750712554766	-0.592046055259946	0.553819748627173	0.869973912349821
RQCD1	0.204926635281017	0.586649525800706	0.557439113281216	0.869973912349821
MYH1	-0.0696265628657245	-0.585250507922843	0.558379287912798	0.869973912349821
CDK12	-0.0958669337899717	-0.584305833275458	0.559014568294999	0.869973912349821
DYNC1I1	0.116451340004489	0.58406510309327	0.559176512043824	0.869973912349821
HIAT1	-0.225743018241739	-0.581798779128128	0.560702226509332	0.869973912349821
MTHFD1	0.160303229352757	0.579781276656072	0.562062125401765	0.869973912349821
CAMSAP2	-0.115590172515122	-0.578611174075272	0.562851563303603	0.869973912349821
TNFRSF25	0.235002246857584	0.576326648056335	0.564394414146994	0.869973912349821
RBM39	-0.177123831578499	-0.576306710176145	0.564407888116502	0.869973912349821
DSC2	-0.113814546124444	-0.571686373665494	0.567534467555888	0.869973912349821
FUBP3	0.185723203720649	0.566881991469316	0.570794360044852	0.869973912349821
BRD1	-0.127375606584883	-0.562397788501526	0.573845025482302	0.869973912349821
DNAJC7	0.22649755953389	0.560166972615997	0.575365552408065	0.869973912349821
RET	0.0974616543534924	0.559787460517246	0.575624417715727	0.869973912349821
KMT2A	-0.0711030428814202	-0.558329305798088	0.576619536859916	0.869973912349821
ESRP1	0.12175461847495	0.558328326897728	0.576620205183841	0.869973912349821
ADAMTSL4	-0.123400258633748	-0.558143302725951	0.576746533159781	0.869973912349821
WT1	-0.137786059334104	-0.556834961962571	0.577640194198902	0.869973912349821
GNA13	-0.191403744787953	-0.555040414718481	0.578867017266819	0.869973912349821
PPP2R2D	0.206325763761434	0.554512807070534	0.579227943288701	0.869973912349821
UPF3B	-0.147545981375541	-0.551505027929965	0.581287520930746	0.869973912349821
EIF4G1	-0.105476104073763	-0.549196152204577	0.582870844739139	0.869973912349821
FUBP1	0.11258783011103	0.547125494043236	0.584292518507313	0.869973912349821
MARK2	0.124010895038233	0.546658159880666	0.584613604140981	0.869973912349821
PTPRA	0.142939472432834	0.545359554034555	0.58550625212115	0.869973912349821
BRD7	-0.138211197440377	-0.538968639432693	0.589908493784817	0.873324037726288
MAPK1	0.162273092733057	0.537586666582567	0.590862437369126	0.873324037726288
TRRAP	0.0668640801624765	0.535819328612472	0.592083422410188	0.873324037726288
KDR	-0.0769354042238044	-0.534051571526926	0.593305854201351	0.873324037726288
MED25	0.138971637213719	0.527188547475586	0.598062660902543	0.877110039617811
CREB3L3	-0.134146283760131	-0.526325011311055	0.598662407993109	0.877110039617811
CUL3	0.10970783221044	0.521856646494458	0.601770145508158	0.879617614083851
MSX1	-0.205551752254056	-0.517645362725865	0.604705725626306	0.881862516538363
CWH43	0.0956290035418189	0.507791103738839	0.61159984937237	0.884903076630533
METAP1	0.225713653598721	0.507290813825574	0.611950783131107	0.884903076630533
SMAD2	-0.136293319841877	-0.506702105048733	0.612363853331998	0.884903076630533
TNKS1BP1	-0.091871798654578	-0.505421221672011	0.613263016619079	0.884903076630533
AKR1B15	0.144600510327512	0.504342234367577	0.614020903416493	0.884903076630533
CCDC50	0.151278713304179	0.499502896370854	0.617425146844208	0.884903076630533
NUP188	0.103385998212972	0.498598898355701	0.618061981393416	0.884903076630533
AKR1B10	0.159864911688186	0.494341477750115	0.621065036801409	0.884903076630533
KRT16	0.13876535662184	0.494207623060284	0.621159556644146	0.884903076630533
MET	-0.0906818671035002	-0.493527364810062	0.621640009249673	0.884903076630533
NPAS3	-0.0938988233667716	-0.490337465127734	0.623895119908242	0.884903076630533
CDC7	0.160254074195224	0.490017438587917	0.624121558911245	0.884903076630533
ZMPSTE24	0.168432489584231	0.488704968291773	0.625050585873948	0.884903076630533
PIGR	-0.111907086105281	-0.48372246932574	0.628582844603009	0.886186439232158
ZBTB20	-0.0894972694960708	-0.483458276353501	0.628770378312341	0.886186439232158
UHRF2	0.150405497882859	0.478035183709304	0.632625163364325	0.88772866482351
GABRG3	-0.107210371463003	-0.477954190252924	0.632682810326597	0.88772866482351
MAGI1	0.0837693818189066	0.475485448168048	0.634441002842323	0.888217403979252
PDGFRA	0.0750949874881531	0.472954038384195	0.636245970425757	0.888769315672344
NKAP	-0.137333879412374	-0.466147532750606	0.64110990181209	0.893582385269064
NRD1	0.0974088785994816	0.462907944436051	0.643430352787611	0.893662026538393
HTRA2	-0.171746613144145	-0.462107734967918	0.644004063568937	0.893662026538393
TCERG1	-0.101886663016621	-0.458720641486635	0.646434789213139	0.895063554295115
RB1	-0.0554090704456608	-0.453838900614996	0.64994478254814	0.897699686590548
FOXP1	0.0977291178964077	0.452111717424593	0.651188502812509	0.897699686590548
FAHD2A	-0.187508659707102	-0.44817127575673	0.654029591341172	0.898295490447488
BRCA2	-0.0585341064187095	-0.447557711278537	0.654472428754598	0.898295490447488
RBM14	-0.140608970670925	-0.441773854639794	0.658652859952201	0.90206804732584
CD3EAP	-0.16687742168857	-0.434035270236828	0.664262829015221	0.902326475041336
MYC	0.123284660446186	0.433764066082351	0.664459778260756	0.902326475041336
AK5	0.0962459125290312	0.429286787355203	0.667714530987537	0.902326475041336
ADAMDEC1	0.104202463524301	0.426891447203883	0.669458395356397	0.902326475041336
SRSF2	0.154561489201025	0.426409949962488	0.669809152376098	0.902326475041336
SLC4A11	-0.094427998230732	-0.425492451044767	0.670477723514853	0.902326475041336
MPRIP	-0.111061891301065	-0.424643641558645	0.671096473917067	0.902326475041336
HPS1	0.119079374426846	0.423804781849625	0.671708190461646	0.902326475041336
POLR2A	-0.084196570609272	-0.423772231391446	0.671731931419661	0.902326475041336
STARD8	0.0910605056518523	0.421791736615942	0.673177037759217	0.902343688911291
NR3C1	0.120668627880517	0.416543484352045	0.677012354707208	0.905557926678431
PTPDC1	0.113760642295013	0.414211510156224	0.678719213009229	0.9059175936352
ATRIP	-0.129972049292203	-0.411494392021579	0.680710052534704	0.906653981177302
RIT1	-0.163740130488228	-0.40787630699341	0.683364488099483	0.908267534327549
GAS2L2	0.0857792676016063	0.40235648198586	0.68742169222721	0.908267534327549
TAS2R3	0.164740092051839	0.401997031798721	0.687686210723206	0.908267534327549
VPS13C	-0.0526546426693037	-0.401994225542114	0.687688275990859	0.908267534327549
MCCC1	-0.110715752156056	-0.397594356975174	0.690929220820337	0.909224738913629
SOS1	-0.0766594841679287	-0.397092236961077	0.691299444348617	0.909224738913629
CARD11	0.0590453381361675	0.393696228870477	0.693805325909326	0.910619490255991
RXRA	-0.106720378784701	-0.386209935714312	0.699341195898207	0.915977034128629
DDX3X	-0.0763514332050493	-0.370753297393612	0.710821289308695	0.929081768183564
SPOP	-0.0869900558451732	-0.368405087618573	0.712571204455467	0.929440701463653
PAX2	-0.114258013365952	-0.364764528067556	0.715287185828131	0.929783276719885
MVK	-0.131459208971501	-0.360777620370828	0.718265694004268	0.929783276719885
KIAA1549	0.0574920643927577	0.359352928725561	0.71933108351897	0.929783276719885
NFU1	0.168810711601685	0.358679403623188	0.719834938048127	0.929783276719885
MUC6	0.0541064805326725	0.358174033961038	0.720213077840165	0.929783276719885
DPAGT1	-0.13478461528345	-0.34901256171572	0.727079878967045	0.930773803877826
HIST1H2AK	0.116651025815982	0.347195701417947	0.728444299995297	0.930773803877826
PIM1	0.138753963920311	0.344880062612537	0.730184539820186	0.930773803877826
IDH2	-0.109464677877462	-0.341902022346995	0.732424627644863	0.930773803877826
KLHL7	-0.0965800667131933	-0.336913867872974	0.736181830841403	0.930773803877826
HMCN1	0.0305850420355728	0.335212642359226	0.73746468597427	0.930773803877826
KAT6B	-0.0623859190122114	-0.333173007424922	0.739003692214134	0.930773803877826
LAMC1	-0.0584204734980273	-0.331003403028191	0.740641915070471	0.930773803877826
RNF6	0.0904288199576653	0.330258465221818	0.741204673778076	0.930773803877826
SENP6	0.0795479110299366	0.323615163087157	0.746229406757451	0.930773803877826
DOCK3	-0.048324963802968	-0.322771108648132	0.746868594816356	0.930773803877826
CPVL	0.0951975839153612	0.322486837663429	0.747083907620096	0.930773803877826
RP1L1	-0.0397468318913752	-0.31890437171554	0.74979902913082	0.930773803877826
C19orf70	0.234892063094441	0.318722949922314	0.749936610049087	0.930773803877826
ELF3	-0.0683132157633473	-0.317706315017168	0.750707720540173	0.930773803877826
STK11	0.0668288837504854	0.317453140584585	0.750899790352385	0.930773803877826
LATS2	0.0768043002210537	0.316643010426897	0.751514496168099	0.930773803877826
TBX3	0.0611212890962082	0.316574203975233	0.751566711995551	0.930773803877826
RAD50	0.0717827073514202	0.314356532312822	0.753250266118846	0.930773803877826
INPPL1	-0.0577931138213624	-0.313289812328611	0.754060489425532	0.930773803877826
C11orf57	-0.143972543032057	-0.311094514836165	0.755728770937451	0.930773803877826
B4GALNT4	-0.0816173274142209	-0.310897567090472	0.755878494072227	0.930773803877826
PNLDC1	-0.0821264169221417	-0.31053376529358	0.756155086691486	0.930773803877826
IARS	0.0739042661022604	0.309791171281811	0.756719765859739	0.930773803877826
ILK	0.118680923721868	0.308218847720149	0.757915811729087	0.930773803877826
PSIP1	0.074584160368451	0.304619953065169	0.760655621501659	0.931946328485791
WTAP	-0.0932875489135181	-0.303079677083454	0.761829141539972	0.931946328485791
PHF6	-0.10889639516256	-0.299232842437104	0.764762392001441	0.933721525118039
DDX52	-0.0960896657869156	-0.289486497511008	0.772209111205004	0.938039367071904
CYB5R2	0.137214318154236	0.285690249987565	0.775115372989399	0.938039367071904
APPL1	0.0987052321587583	0.285458447717096	0.77529293448744	0.938039367071904
TCF12	0.0650267299063443	0.285074338200473	0.775587189827995	0.938039367071904
PLEKHH2	0.051410847383677	0.284870096025977	0.775743667054702	0.938039367071904
TP53BP1	-0.0486245477420148	-0.279428228230739	0.77991621047782	0.941278185059438
VHL	0.06887843983332	0.269873236765672	0.787257777438722	0.948321988119302
C6orf89	0.0963286062938528	0.263483890229571	0.792177638737794	0.952427313749638
USP13	-0.0617344173193875	-0.260142122216786	0.79475414727149	0.952636251436948
CDKN2C	0.123995514013233	0.259336442501199	0.79537566389815	0.952636251436948
TUBB3	-0.0829055562135728	-0.25549760736573	0.798338791349901	0.952728791343857
IL17RB	0.094473053175494	0.253135654656264	0.800163387457641	0.952728791343857
HIST1H4B	0.0977622934849814	0.252674911047588	0.800519436977859	0.952728791343857
TPR	-0.039877639569665	-0.250893336511284	0.801896576372438	0.952728791343857
COL1A1	0.0431822233414797	0.247856656763349	0.804245316510459	0.952728791343857
GALNT2	0.0651659897476282	0.247493223968973	0.804526534912591	0.952728791343857
NRAP	-0.0389303516116493	-0.2418915885298	0.808864168006095	0.953722768608869
PHF14	0.058501126428394	0.241432432020316	0.809219978940515	0.953722768608869
SBNO1	-0.04957521202092	-0.240545453677702	0.80990743048531	0.953722768608869
DAZAP1	0.0654045959175608	0.237530851465455	0.812244987928203	0.954690937303671
CCDC6	-0.0695851770900281	-0.231548727494441	0.81688853470541	0.95836085077171
ADD3	0.0624828675679536	0.22692907878889	0.82047889023876	0.960783830576986
GLI1	0.0432817673874324	0.223580701913285	0.82308358119876	0.961968923514011
LYZL6	-0.0969489211493612	-0.220653689320202	0.8253620931884	0.961968923514011
INIP	-0.127130556844465	-0.218875269644683	0.826747211356504	0.961968923514011
ARID5B	-0.0435362785935193	-0.217093057434927	0.828135824319567	0.961968923514011
IQSEC2	-0.0480174005909385	-0.215823158313239	0.829125595981124	0.961968923514011
DLD	-0.0653602463758441	-0.212460746372501	0.831747598552313	0.962385283656207
MAP4K2	0.0638721059257639	0.211113016332388	0.83279908356098	0.962385283656207
SPATA22	-0.0688752992287475	-0.209488072189248	0.83406724583538	0.962385283656207
AFMID	-0.0812201214039949	-0.205953822118044	0.836826982562144	0.963804385766271
CDC42EP1	0.0801504327165439	0.203798977257479	0.8385105920998	0.96398115515123
ZNF609	-0.0448213757370373	-0.199565807544214	0.841820171430895	0.96602314754365
MAP3K19	0.0334365423877107	0.192708861646633	0.847186982953835	0.966147512978944
KIF11	0.055277148419072	0.190174468327011	0.849172417332457	0.966147512978944
KRT222	0.0623065839789914	0.190086446950763	0.84924139022381	0.966147512978944
IFT74	-0.0695394964878266	-0.189734834643624	0.849516922502315	0.966147512978944
KEAP1	-0.0286172808630013	-0.187756562742021	0.851067488008913	0.966147512978944
ZBTB45	-0.0570444822707279	-0.1876768843092	0.851129951910022	0.966147512978944
ZMYND8	-0.0385443423436346	-0.180930450717096	0.856422167069598	0.967064298903869
EPHX4	0.0741078132664217	0.179965449779267	0.857179692381309	0.967064298903869
COL5A3	0.0264177498988995	0.179565872844247	0.857493398656679	0.967064298903869
TRIM51	-0.0278508557255639	-0.177200302031324	0.859351058431603	0.967064298903869
SLIT2	-0.0230047849275185	-0.17669423508209	0.859748569365497	0.967064298903869
TTK	-0.0372630123266613	-0.173897044334695	0.861946375518715	0.967064298903869
TTC3	-0.0308621044409962	-0.170655390979539	0.864494741008791	0.967064298903869
ARHGAP18	0.0487715593974594	0.170193185554199	0.864858210679097	0.967064298903869
B3GALTL	-0.0611195296374379	-0.169055736434601	0.865752800923463	0.967064298903869
CANX	-0.052612609525712	-0.165622989539572	0.86845365412488	0.967773362429363
GANAB	0.0403442945911769	0.164344593978717	0.869459877992094	0.967773362429363
MECOM	0.0253094220784091	0.162079928164413	0.871242912197644	0.968047680219604
ACTC1	-0.0369728380759154	-0.157343767557162	0.874973928293811	0.969171957116496
MRI1	0.0749289289921003	0.154944586931129	0.876865002791013	0.969171957116496
HIST1H4J	-0.0626525180344896	-0.153671730437481	0.877868575819037	0.969171957116496
TP53BP2	-0.0331966588318589	-0.151668487447423	0.87944841295836	0.969171957116496
PRKDC	-0.0188399374694973	-0.151036906910653	0.879946602334342	0.969171957116496
USP34	0.01955522867657	0.144980051978863	0.884726621588169	0.970686257630084
PRKCI	0.0386738763146842	0.144533630799782	0.885079101707563	0.970686257630084
RBM27	0.0301536450398224	0.143438591373245	0.88594380656714	0.970686257630084
CEP76	-0.0476039932396002	-0.139034524558046	0.889422867334392	0.970752719970859
ERRFI1	-0.0474657152341527	-0.138278086009184	0.890020643953519	0.970752719970859
DST	-0.0154371368034312	-0.137510746902809	0.890627098639931	0.970752719970859
ATP8B1	0.0298622402110034	0.133285090920851	0.893967918117715	0.97142729936935
PLSCR1	-0.0550756295494897	-0.132270012356503	0.894770725616646	0.97142729936935
MED12	0.017769519283104	0.126383547313668	0.89942832506109	0.97142729936935
TRMT13	0.0391017500176206	0.126154681041613	0.89960948396509	0.97142729936935
TAS2R9	-0.0425338114743192	-0.124154967139752	0.901192577299477	0.97142729936935
PCDHA10	-0.020902648954984	-0.122947872432618	0.902148376446598	0.97142729936935
PPP2R5B	-0.0357409919319133	-0.12064275838204	0.903973999877514	0.97142729936935
MFRP	-0.0314130398597052	-0.116988381398714	0.906869260556785	0.97142729936935
ACACB	-0.0165755042217682	-0.11435712869677	0.908954697325939	0.97142729936935
SYTL2	-0.0197629510201439	-0.114053853251993	0.909195103202604	0.97142729936935
TCP10L	-0.0525638086463695	-0.111973442576409	0.910844463874789	0.97142729936935
CMTR2	0.0257240717844718	0.11188523596195	0.910914403090134	0.97142729936935
GNB3	0.0389976946615518	0.109635969378938	0.912698083157363	0.97142729936935
ZMYM4	0.0224581228350178	0.106744876561506	0.914991379623926	0.97142729936935
ARFGAP1	0.0374249200879956	0.106226899422357	0.915402329036229	0.97142729936935
TNN	-0.0133770297441233	-0.105578015950497	0.915917167976816	0.97142729936935
EPB41L5	-0.0251681836884522	-0.0965839271023591	0.923056821126731	0.975062627034555
IRF6	0.0220871929722491	0.0896987088502117	0.9285266419958	0.975062627034555
LGALS2	0.0415758987787668	0.0893993066765684	0.928764574458494	0.975062627034555
PIGO	-0.0218532422618473	-0.0893585920731893	0.928796930513736	0.975062627034555
NAV1	0.0156463834944614	0.0848577058825057	0.932374516271271	0.975062627034555
KIF1B	0.0151265756604278	0.0846818309563184	0.932514340871973	0.975062627034555
AKAP7	-0.03063513691215	-0.0826548720444669	0.934125968919453	0.975062627034555
KRT17	0.0231126128046744	0.080806800356427	0.935595599856304	0.975062627034555
CDC14A	0.0209119497932356	0.0782638970551624	0.937618135319315	0.975062627034555
KCNB2	-0.0102212624821461	-0.0755638735287476	0.939766079004507	0.975062627034555
C20orf195	-0.0265623743587763	-0.0755512022266014	0.93977616042263	0.975062627034555
CYHR1	0.0359617361652806	0.0728185402740757	0.941950517118264	0.975062627034555
PRRC2A	-0.0120570147899075	-0.0712453685356347	0.943202474260411	0.975062627034555
OR51E2	-0.0165904817882748	-0.0710248404121716	0.943377985621191	0.975062627034555
CAMTA2	-0.0162548184052181	-0.0707591323939811	0.943589457882457	0.975062627034555
SIGLEC8	-0.0143045734023926	-0.069715028490532	0.944420479880509	0.975062627034555
TOP2A	0.0140268446034318	0.0662843973180617	0.947151405040707	0.975062627034555
RBM45	0.021633878887024	0.0662187177969359	0.947203694833568	0.975062627034555
ARHGAP35	-0.00862731125665312	-0.0587536737060001	0.953148307703764	0.978077250715325
BTG2	0.0247883655521768	0.0567649797934688	0.954732411011988	0.978077250715325
MCF2L2	0.0103951693123909	0.0566930666740975	0.954789697126865	0.978077250715325
TCF7L2	0.0118751409830093	0.0528971639356881	0.957813844086051	0.979582340542552
GOLM1	-0.0181755967756894	-0.0441514593163625	0.964783674144876	0.984050779143809
TSPYL1	0.0174235769256097	0.0427220058672403	0.965923137437166	0.984050779143809
MYCN	-0.0116822809763714	-0.0397774247360399	0.968270574434834	0.984050779143809
MORC4	-0.00891969106754562	-0.0374301659826868	0.970142020541283	0.984050779143809
PCDHGA8	-0.0068290477663667	-0.0364638399552097	0.970912511058846	0.984050779143809
YY2	-0.0113333383231762	-0.0320179070329645	0.974457770471037	0.984050779143809
TEX14	-0.00568206930159817	-0.0318848074667007	0.97456391436552	0.984050779143809
CERKL	0.00711511203148153	0.0317406628305839	0.974678866961487	0.984050779143809
ATP1B1	0.00959275920349757	0.0263167715120346	0.979004677812006	0.986836715234502
TMEM200C	-0.00325051719034113	-0.0109170335889325	0.991289640469098	0.997623759577527
USP40	-0.00204311519333441	-0.0082583971032454	0.993410827352589	0.99816398920595
SVIL	0.000617289121775088	0.0040257642470478	0.996787913538113	0.999289032397909
EMC1	0.000546934686634709	0.00192388158125273	0.998464965536448	0.999289032397909
ATF7IP	-0.000169158472348486	-0.000891065864790998	0.999289032397909	0.999289032397909
